1.0, -1.0, 0.1467, 0.5961, 0.0273, 0.1281, -1.0, -1.0, -1.0, -1.0
1.0, -1.0, 0.4394, 0.5113, 0.0477, 0.0781, -1.0, -1.0, -1.0, -1.0
1.0, -1.0, 0.5304, 0.5178, 0.0378, 0.0916, -1.0, -1.0, -1.0, -1.0
1.0, -1.0, 0.4211, 0.5288, 0.033, 0.0971, -1.0, -1.0, -1.0, -1.0
1.0, -1.0, 0.2602, 0.6507, 0.2376, 0.5406, -1.0, -1.0, -1.0, -1.0
1.0, -1.0, 0.5375, 0.5382, 0.0346, 0.1427, -1.0, -1.0, -1.0, -1.0
1.0, -1.0, 0.5227, 0.5041, 0.0268, 0.0743, -1.0, -1.0, -1.0, -1.0
1.0, -1.0, 0.5536, 0.5555, 0.0497, 0.1703, -1.0, -1.0, -1.0, -1.0
1.0, -1.0, 0.3777, 0.5512, 0.0803, 0.1496, -1.0, -1.0, -1.0, -1.0
1.0, -1.0, 0.5702, 0.5756, 0.0868, 0.2591, -1.0, -1.0, -1.0, -1.0
1.0, -1.0, 0.0211, 0.8286, 0.0669, 0.3888, -1.0, -1.0, -1.0, -1.0
1.0, -1.0, 0.6445, 0.6638, 0.2257, 0.4106, -1.0, -1.0, -1.0, -1.0
2.0, 1.0, 0.1544, 0.593, 0.0221, 0.1205, -1.0, -1.0, -1.0, -1.0
2.0, 2.0, 0.4443, 0.5203, 0.0538, 0.108, -1.0, -1.0, -1.0, -1.0
2.0, 3.0, 0.543, 0.5047, 0.0237, 0.0815, -1.0, -1.0, -1.0, -1.0
2.0, 4.0, 0.4304, 0.529, 0.0288, 0.1038, -1.0, -1.0, -1.0, -1.0
2.0, 5.0, 0.2488, 0.6696, 0.2505, 0.5486, -1.0, -1.0, -1.0, -1.0
2.0, 6.0, 0.5593, 0.5256, 0.0273, 0.13, -1.0, -1.0, -1.0, -1.0
2.0, 7.0, 0.5331, 0.501, 0.0176, 0.0738, -1.0, -1.0, -1.0, -1.0
2.0, 8.0, 0.5722, 0.5458, 0.0395, 0.1547, -1.0, -1.0, -1.0, -1.0
2.0, 9.0, 0.3886, 0.546, 0.0701, 0.1401, -1.0, -1.0, -1.0, -1.0
2.0, 10.0, 0.5976, 0.5744, 0.0727, 0.2082, -1.0, -1.0, -1.0, -1.0
2.0, 11.0, 0.0104, 0.8296, 0.0651, 0.3815, -1.0, -1.0, -1.0, -1.0
2.0, 12.0, 0.6743, 0.6585, 0.1707, 0.4325, -1.0, -1.0, -1.0, -1.0
2.0, 13.0, 0.5078, 0.4949, 0.0329, 0.0774, -1.0, -1.0, -1.0, -1.0
2.0, 14.0, 0.2449, 0.6842, 0.2402, 0.6148, -1.0, -1.0, -1.0, -1.0
3.0, 1.0, 0.1567, 0.5949, 0.0279, 0.1199, -1.0, -1.0, -1.0, -1.0
3.0, 2.0, 0.4434, 0.5042, 0.0406, 0.0698, -1.0, -1.0, -1.0, -1.0
3.0, 3.0, 0.526, 0.5037, 0.0247, 0.0675, -1.0, -1.0, -1.0, -1.0
3.0, 4.0, 0.4227, 0.53, 0.0369, 0.1088, -1.0, -1.0, -1.0, -1.0
3.0, 5.0, 0.2193, 0.6714, 0.1932, 0.5822, -1.0, -1.0, -1.0, -1.0
3.0, 6.0, 0.5534, 0.527, 0.0299, 0.1444, -1.0, -1.0, -1.0, -1.0
3.0, 7.0, 0.5411, 0.4879, 0.0241, 0.0893, -1.0, -1.0, -1.0, -1.0
3.0, 8.0, 0.565, 0.5451, 0.0531, 0.1575, -1.0, -1.0, -1.0, -1.0
3.0, 9.0, 0.3709, 0.5552, 0.0894, 0.1416, -1.0, -1.0, -1.0, -1.0
3.0, 10.0, 0.5849, 0.5946, 0.0795, 0.2688, -1.0, -1.0, -1.0, -1.0
3.0, 11.0, -0.0094, 0.8346, 0.0637, 0.3721, -1.0, -1.0, -1.0, -1.0
3.0, 12.0, 0.6935, 0.6848, 0.1854, 0.4316, -1.0, -1.0, -1.0, -1.0
3.0, 13.0, 0.5211, 0.4942, 0.0224, 0.071, -1.0, -1.0, -1.0, -1.0
3.0, 14.0, 0.2142, 0.7061, 0.3429, 0.5904, -1.0, -1.0, -1.0, -1.0
4.0, 1.0, 0.1591, 0.5958, 0.0296, 0.1168, -1.0, -1.0, -1.0, -1.0
4.0, 2.0, 0.4348, 0.5231, 0.0645, 0.0927, -1.0, -1.0, -1.0, -1.0
4.0, 3.0, 0.5247, 0.505, 0.0272, 0.0679, -1.0, -1.0, -1.0, -1.0
4.0, 4.0, 0.4214, 0.5363, 0.0427, 0.1144, -1.0, -1.0, -1.0, -1.0
4.0, 5.0, 0.1609, 0.6734, 0.2573, 0.6155, -1.0, -1.0, -1.0, -1.0
4.0, 6.0, 0.5562, 0.5258, 0.0277, 0.1482, -1.0, -1.0, -1.0, -1.0
4.0, 7.0, 0.5394, 0.4906, 0.0284, 0.0934, -1.0, -1.0, -1.0, -1.0
4.0, 8.0, 0.5702, 0.5398, 0.0504, 0.1548, -1.0, -1.0, -1.0, -1.0
4.0, 9.0, 0.3734, 0.5591, 0.0836, 0.1394, -1.0, -1.0, -1.0, -1.0
4.0, 10.0, 0.6045, 0.5954, 0.0887, 0.2468, -1.0, -1.0, -1.0, -1.0
4.0, 11.0, -0.0243, 0.8385, 0.0631, 0.365, -1.0, -1.0, -1.0, -1.0
4.0, 12.0, 0.7158, 0.7066, 0.2053, 0.4668, -1.0, -1.0, -1.0, -1.0
4.0, 13.0, 0.5171, 0.4926, 0.0206, 0.0672, -1.0, -1.0, -1.0, -1.0
4.0, 14.0, 0.2056, 0.7006, 0.3354, 0.5738, -1.0, -1.0, -1.0, -1.0
4.0, 15.0, 0.5706, 0.6057, 0.0892, 0.2679, -1.0, -1.0, -1.0, -1.0
5.0, 1.0, 0.1595, 0.5969, 0.0317, 0.1138, -1.0, -1.0, -1.0, -1.0
5.0, 2.0, 0.4371, 0.5218, 0.0623, 0.0893, -1.0, -1.0, -1.0, -1.0
5.0, 3.0, 0.5329, 0.5035, 0.024, 0.0761, -1.0, -1.0, -1.0, -1.0
5.0, 4.0, 0.4135, 0.5369, 0.0405, 0.1008, -1.0, -1.0, -1.0, -1.0
5.0, 5.0, 0.1354, 0.6645, 0.2914, 0.6384, -1.0, -1.0, -1.0, -1.0
5.0, 6.0, 0.5543, 0.5236, 0.0278, 0.1437, -1.0, -1.0, -1.0, -1.0
5.0, 7.0, 0.546, 0.4774, 0.0263, 0.0788, -1.0, -1.0, -1.0, -1.0
5.0, 8.0, 0.5698, 0.5415, 0.0504, 0.1536, -1.0, -1.0, -1.0, -1.0
5.0, 9.0, 0.3584, 0.5632, 0.1021, 0.152, -1.0, -1.0, -1.0, -1.0
5.0, 10.0, 0.6119, 0.5916, 0.0925, 0.258, -1.0, -1.0, -1.0, -1.0
5.0, 11.0, -0.0362, 0.8415, 0.0647, 0.3603, -1.0, -1.0, -1.0, -1.0
5.0, 12.0, 0.7413, 0.7199, 0.2421, 0.5025, -1.0, -1.0, -1.0, -1.0
5.0, 13.0, 0.5177, 0.493, 0.0288, 0.076, -1.0, -1.0, -1.0, -1.0
5.0, 14.0, 0.1882, 0.7028, 0.3339, 0.5637, -1.0, -1.0, -1.0, -1.0
5.0, 15.0, 0.5761, 0.6049, 0.0925, 0.2702, -1.0, -1.0, -1.0, -1.0
5.0, 16.0, 0.5185, 0.5043, 0.0338, 0.0802, -1.0, -1.0, -1.0, -1.0
6.0, 1.0, 0.1562, 0.5966, 0.0304, 0.1115, -1.0, -1.0, -1.0, -1.0
6.0, 2.0, 0.4309, 0.5107, 0.0574, 0.0858, -1.0, -1.0, -1.0, -1.0
6.0, 3.0, 0.5359, 0.507, 0.0333, 0.0802, -1.0, -1.0, -1.0, -1.0
6.0, 4.0, 0.4181, 0.5311, 0.0588, 0.1185, -1.0, -1.0, -1.0, -1.0
6.0, 5.0, 0.1228, 0.655, 0.2516, 0.6469, -1.0, -1.0, -1.0, -1.0
6.0, 6.0, 0.5536, 0.5299, 0.0355, 0.139, -1.0, -1.0, -1.0, -1.0
6.0, 7.0, 0.5399, 0.4935, 0.0409, 0.1129, -1.0, -1.0, -1.0, -1.0
6.0, 8.0, 0.5699, 0.5557, 0.0522, 0.1747, -1.0, -1.0, -1.0, -1.0
6.0, 9.0, 0.3489, 0.5658, 0.106, 0.1677, -1.0, -1.0, -1.0, -1.0
6.0, 10.0, 0.6196, 0.5958, 0.0989, 0.2617, -1.0, -1.0, -1.0, -1.0
6.0, 11.0, -0.0443, 0.8405, 0.0596, 0.3516, -1.0, -1.0, -1.0, -1.0
6.0, 12.0, 0.7794, 0.7212, 0.2903, 0.5068, -1.0, -1.0, -1.0, -1.0
6.0, 13.0, 0.512, 0.4945, 0.0218, 0.0696, -1.0, -1.0, -1.0, -1.0
6.0, 14.0, 0.1769, 0.7017, 0.3334, 0.5514, -1.0, -1.0, -1.0, -1.0
6.0, 15.0, 0.5694, 0.611, 0.1061, 0.3145, -1.0, -1.0, -1.0, -1.0
6.0, 16.0, 0.531, 0.5008, 0.0223, 0.0737, -1.0, -1.0, -1.0, -1.0
7.0, 1.0, 0.1544, 0.597, 0.0312, 0.1076, -1.0, -1.0, -1.0, -1.0
7.0, 2.0, 0.4342, 0.5103, 0.0589, 0.0845, -1.0, -1.0, -1.0, -1.0
7.0, 3.0, 0.5539, 0.5181, 0.0396, 0.1432, -1.0, -1.0, -1.0, -1.0
7.0, 4.0, 0.4117, 0.5344, 0.0468, 0.1127, -1.0, -1.0, -1.0, -1.0
7.0, 5.0, 0.104, 0.6501, 0.2132, 0.6558, -1.0, -1.0, -1.0, -1.0
7.0, 6.0, 0.5639, 0.549, 0.0434, 0.1692, -1.0, -1.0, -1.0, -1.0
7.0, 7.0, 0.5402, 0.4896, 0.0375, 0.109, -1.0, -1.0, -1.0, -1.0
7.0, 8.0, 0.5817, 0.5531, 0.0647, 0.1789, -1.0, -1.0, -1.0, -1.0
7.0, 9.0, 0.3345, 0.5839, 0.1386, 0.2056, -1.0, -1.0, -1.0, -1.0
7.0, 10.0, 0.6387, 0.6091, 0.1249, 0.2883, -1.0, -1.0, -1.0, -1.0
7.0, 11.0, -0.0527, 0.8382, 0.0509, 0.3412, -1.0, -1.0, -1.0, -1.0
7.0, 12.0, 0.826, 0.7268, 0.3417, 0.5224, -1.0, -1.0, -1.0, -1.0
7.0, 13.0, 0.5146, 0.4957, 0.037, 0.0817, -1.0, -1.0, -1.0, -1.0
7.0, 14.0, 0.2194, 0.6857, 0.0306, 0.1684, -1.0, -1.0, -1.0, -1.0
7.0, 15.0, 0.5668, 0.6092, 0.1006, 0.3088, -1.0, -1.0, -1.0, -1.0
7.0, 16.0, 0.5278, 0.5011, 0.0241, 0.0784, -1.0, -1.0, -1.0, -1.0
8.0, 2.0, 0.4223, 0.5312, 0.0743, 0.1057, -1.0, -1.0, -1.0, -1.0
8.0, 3.0, 0.5609, 0.5195, 0.047, 0.1457, -1.0, -1.0, -1.0, -1.0
8.0, 4.0, 0.4056, 0.5347, 0.0426, 0.0973, -1.0, -1.0, -1.0, -1.0
8.0, 5.0, 0.0712, 0.6384, 0.1493, 0.6714, -1.0, -1.0, -1.0, -1.0
8.0, 6.0, 0.5564, 0.54, 0.0312, 0.1462, -1.0, -1.0, -1.0, -1.0
8.0, 7.0, 0.5443, 0.4887, 0.0449, 0.1117, -1.0, -1.0, -1.0, -1.0
8.0, 8.0, 0.5731, 0.5604, 0.0603, 0.1649, -1.0, -1.0, -1.0, -1.0
8.0, 9.0, 0.3193, 0.5937, 0.143, 0.2056, -1.0, -1.0, -1.0, -1.0
8.0, 10.0, 0.6474, 0.6209, 0.1386, 0.3167, -1.0, -1.0, -1.0, -1.0
8.0, 11.0, -0.0577, 0.834, 0.039, 0.3268, -1.0, -1.0, -1.0, -1.0
8.0, 13.0, 0.5169, 0.4939, 0.0287, 0.0687, -1.0, -1.0, -1.0, -1.0
8.0, 14.0, 0.2251, 0.6812, 0.0206, 0.1599, -1.0, -1.0, -1.0, -1.0
8.0, 15.0, 0.5646, 0.6076, 0.0944, 0.2999, -1.0, -1.0, -1.0, -1.0
8.0, 16.0, 0.5253, 0.5044, 0.0251, 0.0725, -1.0, -1.0, -1.0, -1.0
9.0, 2.0, 0.4348, 0.5206, 0.0378, 0.0888, -1.0, -1.0, -1.0, -1.0
9.0, 3.0, 0.5628, 0.5209, 0.0487, 0.1446, -1.0, -1.0, -1.0, -1.0
9.0, 4.0, 0.4034, 0.5281, 0.0314, 0.0939, -1.0, -1.0, -1.0, -1.0
9.0, 5.0, 0.0873, 0.6507, 0.1166, 0.1747, -1.0, -1.0, -1.0, -1.0
9.0, 6.0, 0.5654, 0.5553, 0.0374, 0.159, -1.0, -1.0, -1.0, -1.0
9.0, 7.0, 0.5491, 0.4868, 0.0252, 0.112, -1.0, -1.0, -1.0, -1.0
9.0, 8.0, 0.5833, 0.5656, 0.0616, 0.1794, -1.0, -1.0, -1.0, -1.0
9.0, 9.0, 0.2991, 0.625, 0.1855, 0.2644, -1.0, -1.0, -1.0, -1.0
9.0, 10.0, 0.6724, 0.6461, 0.1677, 0.3481, -1.0, -1.0, -1.0, -1.0
9.0, 13.0, 0.517, 0.4969, 0.0341, 0.0746, -1.0, -1.0, -1.0, -1.0
9.0, 14.0, 0.0251, 0.7002, 0.0639, 0.5783, -1.0, -1.0, -1.0, -1.0
9.0, 15.0, 0.564, 0.6076, 0.0914, 0.2955, -1.0, -1.0, -1.0, -1.0
9.0, 16.0, 0.5218, 0.5078, 0.0287, 0.0794, -1.0, -1.0, -1.0, -1.0
9.0, 17.0, 0.4834, 0.5135, 0.0357, 0.0664, -1.0, -1.0, -1.0, -1.0
9.0, 18.0, 0.0658, 0.2436, 0.0118, 0.0644, -1.0, -1.0, -1.0, -1.0
9.0, 19.0, 0.8239, 0.7537, 0.411, 0.5877, -1.0, -1.0, -1.0, -1.0
10.0, 2.0, 0.4278, 0.5263, 0.0488, 0.0951, -1.0, -1.0, -1.0, -1.0
10.0, 3.0, 0.5663, 0.5194, 0.0449, 0.1399, -1.0, -1.0, -1.0, -1.0
10.0, 4.0, 0.3937, 0.5413, 0.049, 0.1078, -1.0, -1.0, -1.0, -1.0
10.0, 5.0, 0.0493, 0.671, 0.1264, 0.219, -1.0, -1.0, -1.0, -1.0
10.0, 6.0, 0.5651, 0.55, 0.0367, 0.1597, -1.0, -1.0, -1.0, -1.0
10.0, 7.0, 0.5443, 0.4953, 0.0423, 0.1235, -1.0, -1.0, -1.0, -1.0
10.0, 8.0, 0.5852, 0.5697, 0.0736, 0.1898, -1.0, -1.0, -1.0, -1.0
10.0, 9.0, 0.2856, 0.642, 0.2071, 0.2939, -1.0, -1.0, -1.0, -1.0
10.0, 10.0, 0.6949, 0.6654, 0.2022, 0.3871, -1.0, -1.0, -1.0, -1.0
10.0, 13.0, 0.5114, 0.4906, 0.0162, 0.0617, -1.0, -1.0, -1.0, -1.0
10.0, 14.0, 0.0174, 0.6991, 0.0525, 0.5598, -1.0, -1.0, -1.0, -1.0
10.0, 15.0, 0.5694, 0.6042, 0.0847, 0.2886, -1.0, -1.0, -1.0, -1.0
10.0, 16.0, 0.5206, 0.506, 0.0321, 0.0806, -1.0, -1.0, -1.0, -1.0
10.0, 17.0, 0.4955, 0.5113, 0.0218, 0.0574, -1.0, -1.0, -1.0, -1.0
10.0, 18.0, 0.0673, 0.2398, 0.004, 0.0563, -1.0, -1.0, -1.0, -1.0
10.0, 19.0, 0.856, 0.7586, 0.2923, 0.5152, -1.0, -1.0, -1.0, -1.0
11.0, 2.0, 0.4284, 0.5288, 0.0482, 0.102, -1.0, -1.0, -1.0, -1.0
11.0, 3.0, 0.5694, 0.5192, 0.0461, 0.138, -1.0, -1.0, -1.0, -1.0
11.0, 4.0, 0.395, 0.5396, 0.0399, 0.1163, -1.0, -1.0, -1.0, -1.0
11.0, 5.0, 0.0066, 0.6704, 0.0226, 0.2025, -1.0, -1.0, -1.0, -1.0
11.0, 6.0, 0.5732, 0.5477, 0.0599, 0.158, -1.0, -1.0, -1.0, -1.0
11.0, 7.0, 0.5465, 0.5001, 0.0374, 0.1287, -1.0, -1.0, -1.0, -1.0
11.0, 8.0, 0.5985, 0.5703, 0.0827, 0.2014, -1.0, -1.0, -1.0, -1.0
11.0, 9.0, 0.2637, 0.6406, 0.2316, 0.2877, -1.0, -1.0, -1.0, -1.0
11.0, 10.0, 0.7217, 0.6893, 0.2388, 0.4358, -1.0, -1.0, -1.0, -1.0
11.0, 13.0, 0.5124, 0.4909, 0.0171, 0.0604, -1.0, -1.0, -1.0, -1.0
11.0, 14.0, 0.0101, 0.7039, 0.0514, 0.5461, -1.0, -1.0, -1.0, -1.0
11.0, 16.0, 0.5218, 0.5048, 0.0293, 0.0738, -1.0, -1.0, -1.0, -1.0
11.0, 17.0, 0.5019, 0.5091, 0.0174, 0.053, -1.0, -1.0, -1.0, -1.0
11.0, 18.0, 0.0726, 0.237, -0.0011, 0.0484, -1.0, -1.0, -1.0, -1.0
11.0, 19.0, 0.8811, 0.7568, 0.2378, 0.4479, -1.0, -1.0, -1.0, -1.0
12.0, 2.0, 0.4259, 0.533, 0.0555, 0.0971, -1.0, -1.0, -1.0, -1.0
12.0, 3.0, 0.5729, 0.5171, 0.0422, 0.1332, -1.0, -1.0, -1.0, -1.0
12.0, 4.0, 0.3813, 0.5529, 0.058, 0.1202, -1.0, -1.0, -1.0, -1.0
12.0, 5.0, 0.0684, 0.6611, 0.0408, 0.1762, -1.0, -1.0, -1.0, -1.0
12.0, 6.0, 0.571, 0.5657, 0.0465, 0.1682, -1.0, -1.0, -1.0, -1.0
12.0, 7.0, 0.5471, 0.5061, 0.0438, 0.1347, -1.0, -1.0, -1.0, -1.0
12.0, 8.0, 0.6136, 0.605, 0.09, 0.2372, -1.0, -1.0, -1.0, -1.0
12.0, 9.0, 0.2512, 0.666, 0.2457, 0.3171, -1.0, -1.0, -1.0, -1.0
12.0, 10.0, 0.7506, 0.7207, 0.2685, 0.4769, -1.0, -1.0, -1.0, -1.0
12.0, 13.0, 0.5133, 0.4896, 0.0141, 0.0575, -1.0, -1.0, -1.0, -1.0
12.0, 14.0, 0.0016, 0.7091, 0.0519, 0.5343, -1.0, -1.0, -1.0, -1.0
12.0, 16.0, 0.5138, 0.5056, 0.0287, 0.0708, -1.0, -1.0, -1.0, -1.0
12.0, 17.0, 0.5033, 0.5105, 0.0194, 0.0531, -1.0, -1.0, -1.0, -1.0
12.0, 18.0, 0.077, 0.2338, -0.0073, 0.0419, -1.0, -1.0, -1.0, -1.0
12.0, 19.0, 0.9041, 0.8623, 0.1711, 0.2699, -1.0, -1.0, -1.0, -1.0
13.0, 2.0, 0.4217, 0.5375, 0.0512, 0.0973, -1.0, -1.0, -1.0, -1.0
13.0, 3.0, 0.576, 0.5165, 0.0417, 0.1301, -1.0, -1.0, -1.0, -1.0
13.0, 4.0, 0.3798, 0.5583, 0.057, 0.1255, -1.0, -1.0, -1.0, -1.0
13.0, 5.0, 0.0718, 0.6619, 0.041, 0.172, -1.0, -1.0, -1.0, -1.0
13.0, 6.0, 0.5737, 0.5739, 0.0496, 0.1831, -1.0, -1.0, -1.0, -1.0
13.0, 7.0, 0.5495, 0.5111, 0.0399, 0.1289, -1.0, -1.0, -1.0, -1.0
13.0, 8.0, 0.6229, 0.6093, 0.0892, 0.2407, -1.0, -1.0, -1.0, -1.0
13.0, 9.0, 0.231, 0.6791, 0.2465, 0.3174, -1.0, -1.0, -1.0, -1.0
13.0, 10.0, 0.7803, 0.7376, 0.3277, 0.505, -1.0, -1.0, -1.0, -1.0
13.0, 13.0, 0.5143, 0.489, 0.0129, 0.0553, -1.0, -1.0, -1.0, -1.0
13.0, 14.0, 0.0288, 0.6886, 0.0683, 0.1965, -1.0, -1.0, -1.0, -1.0
13.0, 16.0, 0.5165, 0.5076, 0.0179, 0.0715, -1.0, -1.0, -1.0, -1.0
13.0, 17.0, 0.4985, 0.5089, 0.0242, 0.0706, -1.0, -1.0, -1.0, -1.0
13.0, 18.0, 0.085, 0.2312, -0.0117, 0.0351, -1.0, -1.0, -1.0, -1.0
13.0, 19.0, 0.9052, 0.861, 0.1667, 0.2648, -1.0, -1.0, -1.0, -1.0
13.0, 20.0, 0.4812, 0.5106, 0.037, 0.0609, -1.0, -1.0, -1.0, -1.0
13.0, 21.0, 0.5555, 0.5598, 0.0476, 0.1936, -1.0, -1.0, -1.0, -1.0
14.0, 2.0, 0.4173, 0.5452, 0.0573, 0.1007, -1.0, -1.0, -1.0, -1.0
14.0, 4.0, 0.3757, 0.5598, 0.0649, 0.1233, -1.0, -1.0, -1.0, -1.0
14.0, 5.0, 0.0744, 0.663, 0.0415, 0.1681, -1.0, -1.0, -1.0, -1.0
14.0, 6.0, 0.5743, 0.5746, 0.0458, 0.1847, -1.0, -1.0, -1.0, -1.0
14.0, 7.0, 0.5504, 0.5149, 0.0465, 0.141, -1.0, -1.0, -1.0, -1.0
14.0, 8.0, 0.6305, 0.6275, 0.113, 0.2692, -1.0, -1.0, -1.0, -1.0
14.0, 9.0, 0.2027, 0.7081, 0.2858, 0.3629, -1.0, -1.0, -1.0, -1.0
14.0, 10.0, 0.815, 0.7458, 0.3905, 0.5003, -1.0, -1.0, -1.0, -1.0
14.0, 13.0, 0.5151, 0.4885, 0.0117, 0.0531, -1.0, -1.0, -1.0, -1.0
14.0, 14.0, 0.0217, 0.6955, 0.0474, 0.1952, -1.0, -1.0, -1.0, -1.0
14.0, 16.0, 0.5165, 0.5172, 0.0285, 0.0876, -1.0, -1.0, -1.0, -1.0
14.0, 17.0, 0.5004, 0.5139, 0.0292, 0.081, -1.0, -1.0, -1.0, -1.0
14.0, 18.0, 0.0897, 0.2274, -0.0184, 0.0291, -1.0, -1.0, -1.0, -1.0
14.0, 19.0, 0.9052, 0.8581, 0.1616, 0.2599, -1.0, -1.0, -1.0, -1.0
14.0, 20.0, 0.4916, 0.5146, 0.0253, 0.0688, -1.0, -1.0, -1.0, -1.0
14.0, 21.0, 0.5707, 0.5537, 0.0255, 0.1924, -1.0, -1.0, -1.0, -1.0
14.0, 22.0, 0.1246, 0.2066, 0.0209, 0.0815, -1.0, -1.0, -1.0, -1.0
14.0, 23.0, 0.4373, 0.5397, 0.0336, 0.103, -1.0, -1.0, -1.0, -1.0
14.0, 24.0, 0.1449, 0.2053, 0.0221, 0.0847, -1.0, -1.0, -1.0, -1.0
15.0, 2.0, 0.4179, 0.5454, 0.0659, 0.1053, -1.0, -1.0, -1.0, -1.0
15.0, 4.0, 0.3626, 0.5624, 0.0761, 0.1281, -1.0, -1.0, -1.0, -1.0
15.0, 5.0, 0.0764, 0.6662, 0.0446, 0.1664, -1.0, -1.0, -1.0, -1.0
15.0, 6.0, 0.5872, 0.5903, 0.067, 0.1938, -1.0, -1.0, -1.0, -1.0
15.0, 7.0, 0.5512, 0.5105, 0.048, 0.1387, -1.0, -1.0, -1.0, -1.0
15.0, 8.0, 0.6402, 0.636, 0.1303, 0.2998, -1.0, -1.0, -1.0, -1.0
15.0, 9.0, 0.1759, 0.7373, 0.3183, 0.4223, -1.0, -1.0, -1.0, -1.0
15.0, 10.0, 0.829, 0.7385, 0.3554, 0.4935, -1.0, -1.0, -1.0, -1.0
15.0, 13.0, 0.5156, 0.4874, 0.009, 0.0502, -1.0, -1.0, -1.0, -1.0
15.0, 14.0, 0.0115, 0.7138, 0.0251, 0.1684, -1.0, -1.0, -1.0, -1.0
15.0, 16.0, 0.5158, 0.513, 0.0253, 0.0805, -1.0, -1.0, -1.0, -1.0
15.0, 17.0, 0.5047, 0.5067, 0.0206, 0.0739, -1.0, -1.0, -1.0, -1.0
15.0, 18.0, 0.0952, 0.2241, -0.0238, 0.0232, -1.0, -1.0, -1.0, -1.0
15.0, 19.0, 0.9055, 0.8558, 0.1605, 0.2528, -1.0, -1.0, -1.0, -1.0
15.0, 20.0, 0.4982, 0.5121, 0.0205, 0.0643, -1.0, -1.0, -1.0, -1.0
15.0, 21.0, 0.5754, 0.5561, 0.0314, 0.1926, -1.0, -1.0, -1.0, -1.0
15.0, 22.0, 0.1267, 0.2029, 0.013, 0.0724, -1.0, -1.0, -1.0, -1.0
15.0, 23.0, 0.4479, 0.5379, 0.0313, 0.0998, -1.0, -1.0, -1.0, -1.0
15.0, 24.0, 0.148, 0.2015, 0.0141, 0.0755, -1.0, -1.0, -1.0, -1.0
15.0, 25.0, 0.1125, 0.1866, 0.0226, 0.1002, -1.0, -1.0, -1.0, -1.0
16.0, 2.0, 0.4151, 0.5406, 0.06, 0.1026, -1.0, -1.0, -1.0, -1.0
16.0, 4.0, 0.3574, 0.561, 0.0851, 0.1413, -1.0, -1.0, -1.0, -1.0
16.0, 5.0, 0.2252, 0.6632, 0.2109, 0.2945, -1.0, -1.0, -1.0, -1.0
16.0, 6.0, 0.5891, 0.5885, 0.0682, 0.2008, -1.0, -1.0, -1.0, -1.0
16.0, 7.0, 0.5518, 0.5084, 0.0558, 0.1544, -1.0, -1.0, -1.0, -1.0
16.0, 8.0, 0.6622, 0.644, 0.141, 0.3167, -1.0, -1.0, -1.0, -1.0
16.0, 9.0, 0.1653, 0.7374, 0.3294, 0.4314, -1.0, -1.0, -1.0, -1.0
16.0, 10.0, 0.8338, 0.744, 0.3436, 0.4912, -1.0, -1.0, -1.0, -1.0
16.0, 13.0, 0.5161, 0.4865, 0.0068, 0.0474, -1.0, -1.0, -1.0, -1.0
16.0, 14.0, 0.0184, 0.7148, 0.0253, 0.1637, -1.0, -1.0, -1.0, -1.0
16.0, 16.0, 0.5155, 0.5137, 0.0262, 0.0793, -1.0, -1.0, -1.0, -1.0
16.0, 17.0, 0.5211, 0.5078, 0.0269, 0.0766, -1.0, -1.0, -1.0, -1.0
16.0, 19.0, 0.9069, 0.8534, 0.1569, 0.2444, -1.0, -1.0, -1.0, -1.0
16.0, 20.0, 0.501, 0.5133, 0.0227, 0.064, -1.0, -1.0, -1.0, -1.0
16.0, 21.0, 0.5826, 0.5535, 0.0259, 0.1857, -1.0, -1.0, -1.0, -1.0
16.0, 22.0, 0.1312, 0.2007, 0.0089, 0.0646, -1.0, -1.0, -1.0, -1.0
16.0, 23.0, 0.4527, 0.5372, 0.0309, 0.0965, -1.0, -1.0, -1.0, -1.0
16.0, 24.0, 0.1531, 0.1994, 0.0104, 0.0681, -1.0, -1.0, -1.0, -1.0
16.0, 25.0, 0.1135, 0.1829, 0.0148, 0.091, -1.0, -1.0, -1.0, -1.0
16.0, 26.0, 0.3312, 0.5581, 0.0625, 0.1382, -1.0, -1.0, -1.0, -1.0
17.0, 2.0, 0.4109, 0.5422, 0.0635, 0.1149, -1.0, -1.0, -1.0, -1.0
17.0, 4.0, 0.3565, 0.5612, 0.0782, 0.1422, -1.0, -1.0, -1.0, -1.0
17.0, 5.0, 0.2149, 0.6767, 0.2286, 0.2984, -1.0, -1.0, -1.0, -1.0
17.0, 6.0, 0.5902, 0.5945, 0.0625, 0.2079, -1.0, -1.0, -1.0, -1.0
17.0, 7.0, 0.551, 0.5069, 0.0566, 0.1573, -1.0, -1.0, -1.0, -1.0
17.0, 8.0, 0.6766, 0.6573, 0.1592, 0.3291, -1.0, -1.0, -1.0, -1.0
17.0, 9.0, 0.1599, 0.7537, 0.3131, 0.4503, -1.0, -1.0, -1.0, -1.0
17.0, 10.0, 0.8418, 0.7484, 0.3285, 0.484, -1.0, -1.0, -1.0, -1.0
17.0, 14.0, 0.0228, 0.7183, 0.0294, 0.1608, -1.0, -1.0, -1.0, -1.0
17.0, 16.0, 0.4994, 0.4978, 0.0133, 0.0628, -1.0, -1.0, -1.0, -1.0
17.0, 17.0, 0.5171, 0.502, 0.0177, 0.0711, -1.0, -1.0, -1.0, -1.0
17.0, 19.0, 0.9146, 0.8548, 0.1585, 0.2382, -1.0, -1.0, -1.0, -1.0
17.0, 20.0, 0.4799, 0.5011, 0.0241, 0.0618, -1.0, -1.0, -1.0, -1.0
17.0, 21.0, 0.5888, 0.5494, 0.0187, 0.1781, -1.0, -1.0, -1.0, -1.0
17.0, 22.0, 0.1351, 0.1978, 0.0032, 0.0579, -1.0, -1.0, -1.0, -1.0
17.0, 23.0, 0.4565, 0.5391, 0.0353, 0.0965, -1.0, -1.0, -1.0, -1.0
17.0, 24.0, 0.1573, 0.1966, 0.005, 0.0614, -1.0, -1.0, -1.0, -1.0
17.0, 25.0, 0.1161, 0.1805, 0.0101, 0.083, -1.0, -1.0, -1.0, -1.0
17.0, 26.0, 0.3393, 0.5562, 0.0617, 0.1366, -1.0, -1.0, -1.0, -1.0
17.0, 27.0, 0.2976, 0.5251, 0.0347, 0.0667, -1.0, -1.0, -1.0, -1.0
17.0, 28.0, 0.3395, 0.4318, 0.0269, 0.1318, -1.0, -1.0, -1.0, -1.0
18.0, 2.0, 0.4101, 0.5416, 0.0679, 0.1141, -1.0, -1.0, -1.0, -1.0
18.0, 4.0, 0.35, 0.5654, 0.0911, 0.1493, -1.0, -1.0, -1.0, -1.0
18.0, 5.0, 0.1985, 0.6837, 0.2376, 0.3, -1.0, -1.0, -1.0, -1.0
18.0, 6.0, 0.5998, 0.5985, 0.0722, 0.2359, -1.0, -1.0, -1.0, -1.0
18.0, 7.0, 0.5538, 0.5101, 0.0561, 0.1477, -1.0, -1.0, -1.0, -1.0
18.0, 8.0, 0.6919, 0.6824, 0.1833, 0.3731, -1.0, -1.0, -1.0, -1.0
18.0, 9.0, 0.1459, 0.7409, 0.3035, 0.4427, -1.0, -1.0, -1.0, -1.0
18.0, 10.0, 0.855, 0.7518, 0.3056, 0.4676, -1.0, -1.0, -1.0, -1.0
18.0, 14.0, 0.0236, 0.7226, 0.0347, 0.1597, -1.0, -1.0, -1.0, -1.0
18.0, 16.0, 0.4999, 0.4974, 0.013, 0.0609, -1.0, -1.0, -1.0, -1.0
18.0, 17.0, 0.5154, 0.5088, 0.0281, 0.0765, -1.0, -1.0, -1.0, -1.0
18.0, 19.0, 0.9242, 0.8577, 0.1619, 0.2285, -1.0, -1.0, -1.0, -1.0
18.0, 20.0, 0.4829, 0.5086, 0.036, 0.0649, -1.0, -1.0, -1.0, -1.0
18.0, 21.0, 0.5931, 0.5464, 0.012, 0.1715, -1.0, -1.0, -1.0, -1.0
18.0, 22.0, 0.1409, 0.1959, -0.0006, 0.0515, -1.0, -1.0, -1.0, -1.0
18.0, 23.0, 0.4589, 0.5414, 0.0418, 0.0978, -1.0, -1.0, -1.0, -1.0
18.0, 24.0, 0.163, 0.1948, 0.0016, 0.0553, -1.0, -1.0, -1.0, -1.0
18.0, 25.0, 0.1197, 0.1777, 0.0046, 0.0763, -1.0, -1.0, -1.0, -1.0
18.0, 26.0, 0.3372, 0.5601, 0.0719, 0.1412, -1.0, -1.0, -1.0, -1.0
18.0, 27.0, 0.3021, 0.5388, 0.0334, 0.1001, -1.0, -1.0, -1.0, -1.0
18.0, 28.0, 0.3482, 0.4288, 0.0235, 0.1277, -1.0, -1.0, -1.0, -1.0
19.0, 2.0, 0.4067, 0.5476, 0.0694, 0.1202, -1.0, -1.0, -1.0, -1.0
19.0, 4.0, 0.3509, 0.5672, 0.0938, 0.1476, -1.0, -1.0, -1.0, -1.0
19.0, 5.0, 0.3028, 0.7022, 0.013, 0.1289, -1.0, -1.0, -1.0, -1.0
19.0, 6.0, 0.6129, 0.6093, 0.0887, 0.2409, -1.0, -1.0, -1.0, -1.0
19.0, 7.0, 0.5586, 0.5164, 0.0592, 0.1696, -1.0, -1.0, -1.0, -1.0
19.0, 8.0, 0.7165, 0.7025, 0.2089, 0.4155, -1.0, -1.0, -1.0, -1.0
19.0, 9.0, 0.1285, 0.7549, 0.2742, 0.4447, -1.0, -1.0, -1.0, -1.0
19.0, 10.0, 0.8714, 0.7965, 0.2734, 0.3939, -1.0, -1.0, -1.0, -1.0
19.0, 14.0, 0.0277, 0.7248, 0.0365, 0.1566, -1.0, -1.0, -1.0, -1.0
19.0, 16.0, 0.5008, 0.4959, 0.0099, 0.0581, -1.0, -1.0, -1.0, -1.0
19.0, 17.0, 0.5173, 0.5131, 0.0233, 0.0808, -1.0, -1.0, -1.0, -1.0
19.0, 20.0, 0.504, 0.5066, 0.0203, 0.079, -1.0, -1.0, -1.0, -1.0
19.0, 21.0, 0.599, 0.5422, 0.0063, 0.1662, -1.0, -1.0, -1.0, -1.0
19.0, 22.0, 0.1458, 0.1926, -0.0069, 0.0456, -1.0, -1.0, -1.0, -1.0
19.0, 23.0, 0.4605, 0.5455, 0.0522, 0.1019, -1.0, -1.0, -1.0, -1.0
19.0, 24.0, 0.1684, 0.1914, -0.0049, 0.0492, -1.0, -1.0, -1.0, -1.0
19.0, 25.0, 0.124, 0.1759, 0.001, 0.07, -1.0, -1.0, -1.0, -1.0
19.0, 26.0, 0.34, 0.5655, 0.0988, 0.1534, -1.0, -1.0, -1.0, -1.0
19.0, 27.0, 0.2688, 0.5517, 0.0473, 0.0928, -1.0, -1.0, -1.0, -1.0
19.0, 28.0, 0.3564, 0.4277, 0.0237, 0.1235, -1.0, -1.0, -1.0, -1.0
19.0, 29.0, 0.2949, 0.7058, 0.0248, 0.1361, -1.0, -1.0, -1.0, -1.0
20.0, 2.0, 0.4068, 0.5462, 0.0671, 0.1185, -1.0, -1.0, -1.0, -1.0
20.0, 4.0, 0.3528, 0.5689, 0.0974, 0.1461, -1.0, -1.0, -1.0, -1.0
20.0, 5.0, 0.307, 0.7002, 0.0083, 0.1237, -1.0, -1.0, -1.0, -1.0
20.0, 6.0, 0.6181, 0.6184, 0.095, 0.252, -1.0, -1.0, -1.0, -1.0
20.0, 7.0, 0.5581, 0.5167, 0.0624, 0.1708, -1.0, -1.0, -1.0, -1.0
20.0, 8.0, 0.7478, 0.733, 0.2348, 0.4572, -1.0, -1.0, -1.0, -1.0
20.0, 9.0, 0.1172, 0.7598, 0.2426, 0.4546, -1.0, -1.0, -1.0, -1.0
20.0, 10.0, 0.9058, 0.8949, 0.2123, 0.1768, -1.0, -1.0, -1.0, -1.0
20.0, 14.0, 0.0331, 0.726, 0.0367, 0.1522, -1.0, -1.0, -1.0, -1.0
20.0, 16.0, 0.5011, 0.4956, 0.0092, 0.0564, -1.0, -1.0, -1.0, -1.0
20.0, 17.0, 0.5165, 0.514, 0.0246, 0.0765, -1.0, -1.0, -1.0, -1.0
20.0, 20.0, 0.5058, 0.508, 0.0224, 0.0766, -1.0, -1.0, -1.0, -1.0
20.0, 21.0, 0.6039, 0.5404, 0.0042, 0.1624, -1.0, -1.0, -1.0, -1.0
20.0, 22.0, 0.1503, 0.1903, -0.0112, 0.0402, -1.0, -1.0, -1.0, -1.0
20.0, 23.0, 0.4642, 0.5481, 0.061, 0.1054, -1.0, -1.0, -1.0, -1.0
20.0, 24.0, 0.173, 0.1893, -0.0089, 0.044, -1.0, -1.0, -1.0, -1.0
20.0, 25.0, 0.1289, 0.1726, -0.0053, 0.0641, -1.0, -1.0, -1.0, -1.0
20.0, 26.0, 0.3352, 0.5766, 0.1019, 0.1691, -1.0, -1.0, -1.0, -1.0
20.0, 27.0, 0.2487, 0.5668, 0.0975, 0.1265, -1.0, -1.0, -1.0, -1.0
20.0, 28.0, 0.3619, 0.4266, 0.0222, 0.1189, -1.0, -1.0, -1.0, -1.0
20.0, 29.0, 0.3038, 0.7044, 0.0238, 0.1321, -1.0, -1.0, -1.0, -1.0
20.0, 30.0, 0.9519, 0.9227, 0.1018, 0.1537, -1.0, -1.0, -1.0, -1.0
20.0, 31.0, 0.2712, 0.7357, 0.0292, 0.1527, -1.0, -1.0, -1.0, -1.0
21.0, 2.0, 0.4008, 0.5556, 0.0769, 0.1202, -1.0, -1.0, -1.0, -1.0
21.0, 4.0, 0.3624, 0.5679, 0.1625, 0.1452, -1.0, -1.0, -1.0, -1.0
21.0, 5.0, 0.2657, 0.6963, 0.0049, 0.0993, -1.0, -1.0, -1.0, -1.0
21.0, 6.0, 0.6273, 0.6414, 0.1043, 0.2746, -1.0, -1.0, -1.0, -1.0
21.0, 7.0, 0.5617, 0.5215, 0.0663, 0.18, -1.0, -1.0, -1.0, -1.0
21.0, 8.0, 0.7713, 0.7525, 0.2861, 0.4874, -1.0, -1.0, -1.0, -1.0
21.0, 9.0, 0.0984, 0.7589, 0.214, 0.4389, -1.0, -1.0, -1.0, -1.0
21.0, 10.0, 0.9201, 0.8898, 0.2051, 0.1673, -1.0, -1.0, -1.0, -1.0
21.0, 14.0, 0.0377, 0.7269, 0.0365, 0.1478, -1.0, -1.0, -1.0, -1.0
21.0, 16.0, 0.5011, 0.4955, 0.0085, 0.0546, -1.0, -1.0, -1.0, -1.0
21.0, 17.0, 0.5177, 0.5209, 0.0231, 0.0899, -1.0, -1.0, -1.0, -1.0
21.0, 20.0, 0.5011, 0.5101, 0.0168, 0.0803, -1.0, -1.0, -1.0, -1.0
21.0, 21.0, 0.5831, 0.5787, 0.1231, 0.2466, -1.0, -1.0, -1.0, -1.0
21.0, 23.0, 0.4675, 0.5509, 0.0702, 0.1091, -1.0, -1.0, -1.0, -1.0
21.0, 25.0, 0.1329, 0.1706, -0.0093, 0.059, -1.0, -1.0, -1.0, -1.0
21.0, 27.0, 0.2437, 0.5656, 0.0618, 0.1075, -1.0, -1.0, -1.0, -1.0
21.0, 28.0, 0.3352, 0.4333, 0.0164, 0.1182, -1.0, -1.0, -1.0, -1.0
21.0, 29.0, 0.3028, 0.7079, 0.0321, 0.1357, -1.0, -1.0, -1.0, -1.0
21.0, 30.0, 0.9568, 0.9241, 0.1071, 0.1561, -1.0, -1.0, -1.0, -1.0
21.0, 31.0, 0.2629, 0.7288, 0.0181, 0.1445, -1.0, -1.0, -1.0, -1.0
21.0, 32.0, 0.239, 0.7775, 0.024, 0.1512, -1.0, -1.0, -1.0, -1.0
22.0, 2.0, 0.3956, 0.5584, 0.0716, 0.1158, -1.0, -1.0, -1.0, -1.0
22.0, 4.0, 0.3273, 0.5889, 0.1017, 0.1669, -1.0, -1.0, -1.0, -1.0
22.0, 5.0, 0.274, 0.6925, -0.0022, 0.0931, -1.0, -1.0, -1.0, -1.0
22.0, 6.0, 0.643, 0.6555, 0.1179, 0.3126, -1.0, -1.0, -1.0, -1.0
22.0, 7.0, 0.5643, 0.5235, 0.0645, 0.1783, -1.0, -1.0, -1.0, -1.0
22.0, 8.0, 0.8051, 0.7505, 0.3365, 0.4841, -1.0, -1.0, -1.0, -1.0
22.0, 9.0, 0.0791, 0.762, 0.1767, 0.4263, -1.0, -1.0, -1.0, -1.0
22.0, 10.0, 0.9264, 0.886, 0.2002, 0.1559, -1.0, -1.0, -1.0, -1.0
22.0, 16.0, 0.5012, 0.4949, 0.0068, 0.0524, -1.0, -1.0, -1.0, -1.0
22.0, 17.0, 0.5183, 0.5236, 0.0205, 0.0859, -1.0, -1.0, -1.0, -1.0
22.0, 20.0, 0.5005, 0.5114, 0.0192, 0.083, -1.0, -1.0, -1.0, -1.0
22.0, 21.0, 0.5841, 0.5813, 0.1272, 0.2481, -1.0, -1.0, -1.0, -1.0
22.0, 23.0, 0.4676, 0.5496, 0.0672, 0.1071, -1.0, -1.0, -1.0, -1.0
22.0, 27.0, 0.236, 0.5757, 0.087, 0.1225, -1.0, -1.0, -1.0, -1.0
22.0, 29.0, 0.3013, 0.7109, 0.0383, 0.1383, -1.0, -1.0, -1.0, -1.0
22.0, 30.0, 0.9538, 0.9315, 0.123, 0.1667, -1.0, -1.0, -1.0, -1.0
22.0, 31.0, 0.2267, 0.7367, 0.0223, 0.1359, -1.0, -1.0, -1.0, -1.0
22.0, 32.0, 0.2474, 0.7758, 0.0225, 0.1466, -1.0, -1.0, -1.0, -1.0
22.0, 33.0, 0.1872, 0.707, 0.0183, 0.1103, -1.0, -1.0, -1.0, -1.0
23.0, 2.0, 0.3939, 0.5614, 0.0827, 0.1312, -1.0, -1.0, -1.0, -1.0
23.0, 4.0, 0.3195, 0.5965, 0.1133, 0.1783, -1.0, -1.0, -1.0, -1.0
23.0, 5.0, 0.2855, 0.6911, -0.0021, 0.0855, -1.0, -1.0, -1.0, -1.0
23.0, 6.0, 0.6608, 0.6612, 0.132, 0.33, -1.0, -1.0, -1.0, -1.0
23.0, 7.0, 0.5709, 0.5301, 0.0653, 0.1812, -1.0, -1.0, -1.0, -1.0
23.0, 8.0, 0.8296, 0.756, 0.3492, 0.4655, -1.0, -1.0, -1.0, -1.0
23.0, 9.0, 0.0523, 0.7714, 0.1254, 0.4267, -1.0, -1.0, -1.0, -1.0
23.0, 10.0, 0.9277, 0.8842, 0.1993, 0.1486, -1.0, -1.0, -1.0, -1.0
23.0, 16.0, 0.5012, 0.4945, 0.0055, 0.0502, -1.0, -1.0, -1.0, -1.0
23.0, 17.0, 0.5184, 0.5274, 0.0287, 0.1017, -1.0, -1.0, -1.0, -1.0
23.0, 20.0, 0.4995, 0.516, 0.0226, 0.0902, -1.0, -1.0, -1.0, -1.0
23.0, 21.0, 0.5862, 0.5849, 0.1322, 0.2465, -1.0, -1.0, -1.0, -1.0
23.0, 27.0, 0.2319, 0.5672, 0.0756, 0.1201, -1.0, -1.0, -1.0, -1.0
23.0, 29.0, 0.3015, 0.7128, 0.0441, 0.1395, -1.0, -1.0, -1.0, -1.0
23.0, 30.0, 0.9515, 0.9355, 0.1302, 0.1729, -1.0, -1.0, -1.0, -1.0
23.0, 31.0, 0.2274, 0.7378, 0.0242, 0.1348, -1.0, -1.0, -1.0, -1.0
23.0, 32.0, 0.1906, 0.7774, 0.0271, 0.1478, -1.0, -1.0, -1.0, -1.0
23.0, 33.0, 0.195, 0.7047, 0.0151, 0.1044, -1.0, -1.0, -1.0, -1.0
23.0, 34.0, 0.1442, 0.9006, 0.0452, 0.2111, -1.0, -1.0, -1.0, -1.0
23.0, 35.0, 0.154, 0.7284, 0.0192, 0.1206, -1.0, -1.0, -1.0, -1.0
23.0, 36.0, 0.0295, 0.1083, 0.0339, 0.0983, -1.0, -1.0, -1.0, -1.0
23.0, 37.0, 0.1975, 0.7758, 0.0256, 0.1475, -1.0, -1.0, -1.0, -1.0
24.0, 2.0, 0.3914, 0.5582, 0.0774, 0.1259, -1.0, -1.0, -1.0, -1.0
24.0, 4.0, 0.312, 0.6023, 0.1166, 0.1896, -1.0, -1.0, -1.0, -1.0
24.0, 5.0, 0.2937, 0.6901, -0.0032, 0.0764, -1.0, -1.0, -1.0, -1.0
24.0, 6.0, 0.6754, 0.6858, 0.1503, 0.3572, -1.0, -1.0, -1.0, -1.0
24.0, 7.0, 0.5729, 0.5324, 0.074, 0.1952, -1.0, -1.0, -1.0, -1.0
24.0, 8.0, 0.8378, 0.7554, 0.3359, 0.4695, -1.0, -1.0, -1.0, -1.0
24.0, 9.0, 0.0161, 0.8237, 0.0423, 0.3166, -1.0, -1.0, -1.0, -1.0
24.0, 10.0, 0.9355, 0.8818, 0.1957, 0.1369, -1.0, -1.0, -1.0, -1.0
24.0, 17.0, 0.5209, 0.5195, 0.0177, 0.0899, -1.0, -1.0, -1.0, -1.0
24.0, 20.0, 0.499, 0.5159, 0.0221, 0.0882, -1.0, -1.0, -1.0, -1.0
24.0, 21.0, 0.5902, 0.5907, 0.141, 0.2474, -1.0, -1.0, -1.0, -1.0
24.0, 27.0, 0.2204, 0.5735, 0.0897, 0.1344, -1.0, -1.0, -1.0, -1.0
24.0, 29.0, 0.2966, 0.715, 0.0468, 0.1403, -1.0, -1.0, -1.0, -1.0
24.0, 30.0, 0.9501, 0.94, 0.1346, 0.1766, -1.0, -1.0, -1.0, -1.0
24.0, 31.0, 0.2267, 0.7392, 0.028, 0.1343, -1.0, -1.0, -1.0, -1.0
24.0, 32.0, 0.193, 0.777, 0.0265, 0.1452, -1.0, -1.0, -1.0, -1.0
24.0, 33.0, 0.195, 0.7069, 0.0197, 0.1038, -1.0, -1.0, -1.0, -1.0
24.0, 34.0, 0.1499, 0.9001, 0.0468, 0.2083, -1.0, -1.0, -1.0, -1.0
24.0, 35.0, 0.1612, 0.726, 0.0158, 0.1146, -1.0, -1.0, -1.0, -1.0
24.0, 36.0, 0.0132, 0.0867, 0.0165, 0.0987, -1.0, -1.0, -1.0, -1.0
24.0, 37.0, 0.2054, 0.7739, 0.0234, 0.1423, -1.0, -1.0, -1.0, -1.0
24.0, 38.0, 0.1511, 0.8274, 0.028, 0.175, -1.0, -1.0, -1.0, -1.0
24.0, 39.0, 0.1495, 0.8353, 0.0301, 0.1898, -1.0, -1.0, -1.0, -1.0
24.0, 40.0, 0.2525, 0.5676, 0.0547, 0.1101, -1.0, -1.0, -1.0, -1.0
24.0, 41.0, 0.1508, 0.8232, 0.0268, 0.172, -1.0, -1.0, -1.0, -1.0
24.0, 42.0, 0.0216, 0.8352, 0.0676, 0.386, -1.0, -1.0, -1.0, -1.0
25.0, 2.0, 0.3882, 0.5668, 0.0948, 0.1516, -1.0, -1.0, -1.0, -1.0
25.0, 4.0, 0.3063, 0.6074, 0.1172, 0.2043, -1.0, -1.0, -1.0, -1.0
25.0, 5.0, 0.3011, 0.6867, -0.0088, 0.0669, -1.0, -1.0, -1.0, -1.0
25.0, 6.0, 0.6922, 0.7004, 0.1699, 0.3872, -1.0, -1.0, -1.0, -1.0
25.0, 7.0, 0.5758, 0.5292, 0.0753, 0.2051, -1.0, -1.0, -1.0, -1.0
25.0, 8.0, 0.8463, 0.7624, 0.313, 0.4512, -1.0, -1.0, -1.0, -1.0
25.0, 9.0, 0.0099, 0.8292, 0.0448, 0.3085, -1.0, -1.0, -1.0, -1.0
25.0, 10.0, 0.9426, 0.8808, 0.1947, 0.1262, -1.0, -1.0, -1.0, -1.0
25.0, 17.0, 0.522, 0.5261, 0.0278, 0.1047, -1.0, -1.0, -1.0, -1.0
25.0, 20.0, 0.4986, 0.5162, 0.0224, 0.0867, -1.0, -1.0, -1.0, -1.0
25.0, 21.0, 0.5997, 0.5961, 0.1493, 0.2472, -1.0, -1.0, -1.0, -1.0
25.0, 27.0, 0.2188, 0.5741, 0.0973, 0.1434, -1.0, -1.0, -1.0, -1.0
25.0, 29.0, 0.299, 0.7155, 0.0509, 0.1404, -1.0, -1.0, -1.0, -1.0
25.0, 30.0, 0.9469, 0.9402, 0.1335, 0.1764, -1.0, -1.0, -1.0, -1.0
25.0, 31.0, 0.2219, 0.7405, 0.0293, 0.1342, -1.0, -1.0, -1.0, -1.0
25.0, 32.0, 0.1923, 0.7778, 0.0287, 0.1436, -1.0, -1.0, -1.0, -1.0
25.0, 33.0, 0.1936, 0.7099, 0.0255, 0.1038, -1.0, -1.0, -1.0, -1.0
25.0, 34.0, 0.0746, 0.8829, 0.0286, 0.2032, -1.0, -1.0, -1.0, -1.0
25.0, 35.0, 0.1597, 0.7295, 0.0231, 0.1154, -1.0, -1.0, -1.0, -1.0
25.0, 36.0, 0.0156, 0.0825, 0.0093, 0.0909, -1.0, -1.0, -1.0, -1.0
25.0, 37.0, 0.1997, 0.7787, 0.0348, 0.1477, -1.0, -1.0, -1.0, -1.0
25.0, 38.0, 0.1584, 0.8255, 0.0261, 0.1698, -1.0, -1.0, -1.0, -1.0
25.0, 39.0, 0.1569, 0.8333, 0.0283, 0.1846, -1.0, -1.0, -1.0, -1.0
25.0, 40.0, 0.261, 0.5654, 0.0518, 0.1052, -1.0, -1.0, -1.0, -1.0
25.0, 41.0, 0.1581, 0.8213, 0.0248, 0.1668, -1.0, -1.0, -1.0, -1.0
25.0, 42.0, 0.0111, 0.8363, 0.0661, 0.3791, -1.0, -1.0, -1.0, -1.0
25.0, 43.0, 0.0585, 0.8006, 0.0251, 0.1523, -1.0, -1.0, -1.0, -1.0
26.0, 2.0, 0.3834, 0.5598, 0.0919, 0.1444, -1.0, -1.0, -1.0, -1.0
26.0, 4.0, 0.3002, 0.6094, 0.117, 0.2069, -1.0, -1.0, -1.0, -1.0
26.0, 5.0, 0.3052, 0.6831, -0.015, 0.0618, -1.0, -1.0, -1.0, -1.0
26.0, 6.0, 0.7179, 0.7219, 0.1955, 0.4373, -1.0, -1.0, -1.0, -1.0
26.0, 7.0, 0.5807, 0.5267, 0.0791, 0.216, -1.0, -1.0, -1.0, -1.0
26.0, 8.0, 0.8617, 0.7666, 0.2875, 0.4342, -1.0, -1.0, -1.0, -1.0
26.0, 9.0, 0.0024, 0.8349, 0.0472, 0.2999, -1.0, -1.0, -1.0, -1.0
26.0, 10.0, 0.9498, 0.8803, 0.1947, 0.1161, -1.0, -1.0, -1.0, -1.0
26.0, 17.0, 0.5395, 0.5239, 0.0226, 0.134, -1.0, -1.0, -1.0, -1.0
26.0, 20.0, 0.5073, 0.5142, 0.046, 0.1073, -1.0, -1.0, -1.0, -1.0
26.0, 21.0, 0.6104, 0.6002, 0.1555, 0.246, -1.0, -1.0, -1.0, -1.0
26.0, 27.0, 0.2041, 0.576, 0.1003, 0.1608, -1.0, -1.0, -1.0, -1.0
26.0, 30.0, 0.9445, 0.9434, 0.1374, 0.1789, -1.0, -1.0, -1.0, -1.0
26.0, 31.0, 0.2216, 0.7406, 0.0312, 0.1321, -1.0, -1.0, -1.0, -1.0
26.0, 32.0, 0.1876, 0.7786, 0.029, 0.1435, -1.0, -1.0, -1.0, -1.0
26.0, 33.0, 0.1916, 0.7125, 0.0304, 0.103, -1.0, -1.0, -1.0, -1.0
26.0, 34.0, 0.0783, 0.8803, 0.0239, 0.1984, -1.0, -1.0, -1.0, -1.0
26.0, 35.0, 0.1612, 0.7306, 0.025, 0.1127, -1.0, -1.0, -1.0, -1.0
26.0, 36.0, 0.0211, 0.0796, 0.0035, 0.0842, -1.0, -1.0, -1.0, -1.0
26.0, 37.0, 0.2021, 0.7788, 0.0354, 0.1461, -1.0, -1.0, -1.0, -1.0
26.0, 38.0, 0.1483, 0.83, 0.0389, 0.1776, -1.0, -1.0, -1.0, -1.0
26.0, 39.0, 0.1467, 0.8364, 0.0388, 0.1914, -1.0, -1.0, -1.0, -1.0
26.0, 40.0, 0.2368, 0.5934, 0.0724, 0.1883, -1.0, -1.0, -1.0, -1.0
26.0, 41.0, 0.1482, 0.826, 0.0379, 0.1745, -1.0, -1.0, -1.0, -1.0
26.0, 42.0, -0.0086, 0.8412, 0.0646, 0.3696, -1.0, -1.0, -1.0, -1.0
26.0, 43.0, 0.0647, 0.7979, 0.0211, 0.1454, -1.0, -1.0, -1.0, -1.0
26.0, 44.0, 0.519, 0.5213, 0.039, 0.1144, -1.0, -1.0, -1.0, -1.0
27.0, 2.0, 0.38, 0.5587, 0.0977, 0.1521, -1.0, -1.0, -1.0, -1.0
27.0, 4.0, 0.2928, 0.6112, 0.1293, 0.211, -1.0, -1.0, -1.0, -1.0
27.0, 5.0, 0.3075, 0.679, -0.0221, 0.0571, -1.0, -1.0, -1.0, -1.0
27.0, 6.0, 0.7445, 0.7455, 0.229, 0.4814, -1.0, -1.0, -1.0, -1.0
27.0, 7.0, 0.5865, 0.527, 0.0766, 0.2209, -1.0, -1.0, -1.0, -1.0
27.0, 8.0, 0.8755, 0.781, 0.2558, 0.4086, -1.0, -1.0, -1.0, -1.0
27.0, 9.0, -0.0052, 0.8405, 0.0499, 0.2923, -1.0, -1.0, -1.0, -1.0
27.0, 17.0, 0.5411, 0.528, 0.0256, 0.1412, -1.0, -1.0, -1.0, -1.0
27.0, 20.0, 0.5219, 0.5068, 0.0248, 0.1009, -1.0, -1.0, -1.0, -1.0
27.0, 21.0, 0.6216, 0.6039, 0.1617, 0.2451, -1.0, -1.0, -1.0, -1.0
27.0, 27.0, 0.1959, 0.5775, 0.103, 0.1574, -1.0, -1.0, -1.0, -1.0
27.0, 30.0, 0.9448, 0.9451, 0.1397, 0.1808, -1.0, -1.0, -1.0, -1.0
27.0, 32.0, 0.1868, 0.7784, 0.0299, 0.1405, -1.0, -1.0, -1.0, -1.0
27.0, 33.0, 0.1864, 0.7122, 0.0299, 0.1022, -1.0, -1.0, -1.0, -1.0
27.0, 34.0, 0.0768, 0.88, 0.0227, 0.194, -1.0, -1.0, -1.0, -1.0
27.0, 35.0, 0.1594, 0.7329, 0.0294, 0.1116, -1.0, -1.0, -1.0, -1.0
27.0, 36.0, 0.0295, 0.0759, -0.0031, 0.0764, -1.0, -1.0, -1.0, -1.0
27.0, 37.0, 0.2013, 0.7802, 0.0389, 0.1456, -1.0, -1.0, -1.0, -1.0
27.0, 38.0, 0.1526, 0.8279, 0.0359, 0.1744, -1.0, -1.0, -1.0, -1.0
27.0, 39.0, 0.1499, 0.8334, 0.034, 0.1879, -1.0, -1.0, -1.0, -1.0
27.0, 40.0, 0.2329, 0.5543, 0.0444, 0.104, -1.0, -1.0, -1.0, -1.0
27.0, 41.0, 0.1526, 0.8241, 0.0353, 0.1714, -1.0, -1.0, -1.0, -1.0
27.0, 42.0, -0.0237, 0.8454, 0.0646, 0.363, -1.0, -1.0, -1.0, -1.0
27.0, 43.0, 0.0535, 0.8054, 0.0373, 0.1537, -1.0, -1.0, -1.0, -1.0
27.0, 44.0, 0.5311, 0.5192, 0.037, 0.1115, -1.0, -1.0, -1.0, -1.0
28.0, 2.0, 0.3778, 0.5622, 0.1035, 0.1536, -1.0, -1.0, -1.0, -1.0
28.0, 4.0, 0.2814, 0.6314, 0.1408, 0.2459, -1.0, -1.0, -1.0, -1.0
28.0, 6.0, 0.7745, 0.7606, 0.2725, 0.465, -1.0, -1.0, -1.0, -1.0
28.0, 7.0, 0.5897, 0.5314, 0.0885, 0.2331, -1.0, -1.0, -1.0, -1.0
28.0, 8.0, 0.9044, 0.8582, 0.1989, 0.2633, -1.0, -1.0, -1.0, -1.0
28.0, 9.0, -0.0098, 0.8457, 0.0535, 0.2858, -1.0, -1.0, -1.0, -1.0
28.0, 17.0, 0.5431, 0.537, 0.0233, 0.123, -1.0, -1.0, -1.0, -1.0
28.0, 20.0, 0.523, 0.5134, 0.0296, 0.0957, -1.0, -1.0, -1.0, -1.0
28.0, 21.0, 0.633, 0.6081, 0.169, 0.2451, -1.0, -1.0, -1.0, -1.0
28.0, 30.0, 0.9458, 0.8773, 0.1148, 0.2182, -1.0, -1.0, -1.0, -1.0
28.0, 32.0, 0.1849, 0.7769, 0.0268, 0.1365, -1.0, -1.0, -1.0, -1.0
28.0, 33.0, 0.1828, 0.714, 0.0335, 0.1003, -1.0, -1.0, -1.0, -1.0
28.0, 34.0, 0.0699, 0.8819, 0.0258, 0.1939, -1.0, -1.0, -1.0, -1.0
28.0, 35.0, 0.1545, 0.7324, 0.0286, 0.1103, -1.0, -1.0, -1.0, -1.0
28.0, 36.0, 0.0344, 0.072, -0.0102, 0.0699, -1.0, -1.0, -1.0, -1.0
28.0, 37.0, 0.1954, 0.7815, 0.0403, 0.146, -1.0, -1.0, -1.0, -1.0
28.0, 38.0, 0.1515, 0.8285, 0.0378, 0.1727, -1.0, -1.0, -1.0, -1.0
28.0, 39.0, 0.149, 0.8331, 0.0344, 0.1852, -1.0, -1.0, -1.0, -1.0
28.0, 40.0, 0.214, 0.5782, 0.0821, 0.1432, -1.0, -1.0, -1.0, -1.0
28.0, 41.0, 0.1514, 0.825, 0.0375, 0.1699, -1.0, -1.0, -1.0, -1.0
28.0, 42.0, -0.0353, 0.8485, 0.0664, 0.3587, -1.0, -1.0, -1.0, -1.0
28.0, 43.0, 0.0576, 0.8024, 0.0332, 0.1486, -1.0, -1.0, -1.0, -1.0
28.0, 44.0, 0.5163, 0.5118, 0.0454, 0.1092, -1.0, -1.0, -1.0, -1.0
28.0, 45.0, 0.464, 0.4805, 0.0251, 0.0494, -1.0, -1.0, -1.0, -1.0
29.0, 2.0, 0.376, 0.5701, 0.111, 0.1534, -1.0, -1.0, -1.0, -1.0
29.0, 4.0, 0.2682, 0.6422, 0.1455, 0.2589, -1.0, -1.0, -1.0, -1.0
29.0, 6.0, 0.8176, 0.7613, 0.3317, 0.4715, -1.0, -1.0, -1.0, -1.0
29.0, 7.0, 0.5966, 0.5367, 0.0958, 0.2474, -1.0, -1.0, -1.0, -1.0
29.0, 8.0, 0.9213, 0.8539, 0.1925, 0.2548, -1.0, -1.0, -1.0, -1.0
29.0, 9.0, -0.0159, 0.8515, 0.0572, 0.2787, -1.0, -1.0, -1.0, -1.0
29.0, 17.0, 0.5447, 0.5367, 0.0227, 0.1207, -1.0, -1.0, -1.0, -1.0
29.0, 20.0, 0.5265, 0.5184, 0.0239, 0.1036, -1.0, -1.0, -1.0, -1.0
29.0, 30.0, 0.9524, 0.8827, 0.1227, 0.2223, -1.0, -1.0, -1.0, -1.0
29.0, 32.0, 0.1883, 0.7723, 0.0189, 0.1281, -1.0, -1.0, -1.0, -1.0
29.0, 33.0, 0.1806, 0.7116, 0.0295, 0.0967, -1.0, -1.0, -1.0, -1.0
29.0, 35.0, 0.1497, 0.7346, 0.0324, 0.1083, -1.0, -1.0, -1.0, -1.0
29.0, 36.0, 0.0419, 0.0676, -0.0182, 0.0629, -1.0, -1.0, -1.0, -1.0
29.0, 37.0, 0.1942, 0.782, 0.0423, 0.1439, -1.0, -1.0, -1.0, -1.0
29.0, 38.0, 0.1448, 0.8297, 0.0392, 0.1728, -1.0, -1.0, -1.0, -1.0
29.0, 39.0, 0.1429, 0.834, 0.0354, 0.1849, -1.0, -1.0, -1.0, -1.0
29.0, 40.0, 0.1685, 0.5886, 0.0943, 0.1663, -1.0, -1.0, -1.0, -1.0
29.0, 41.0, 0.1447, 0.8261, 0.039, 0.1699, -1.0, -1.0, -1.0, -1.0
29.0, 42.0, -0.0439, 0.8477, 0.0615, 0.3501, -1.0, -1.0, -1.0, -1.0
29.0, 43.0, 0.0591, 0.8031, 0.0336, 0.1448, -1.0, -1.0, -1.0, -1.0
29.0, 44.0, 0.5229, 0.512, 0.0468, 0.107, -1.0, -1.0, -1.0, -1.0
29.0, 45.0, 0.4736, 0.4788, 0.0225, 0.0458, -1.0, -1.0, -1.0, -1.0
