1.0, -1.0, 0.2583, 0.549, 0.0216, 0.0822, -1.0, -1.0, -1.0, -1.0
1.0, -1.0, 0.8227, 0.2212, 0.0265, 0.1438, -1.0, -1.0, -1.0, -1.0
1.0, -1.0, 0.0822, 0.4073, 0.017, 0.0661, -1.0, -1.0, -1.0, -1.0
1.0, -1.0, 0.3433, 0.2027, 0.0333, 0.1632, -1.0, -1.0, -1.0, -1.0
1.0, -1.0, 0.2743, 0.1983, 0.0294, 0.1535, -1.0, -1.0, -1.0, -1.0
1.0, -1.0, 0.299, 0.1675, 0.0394, 0.2642, -1.0, -1.0, -1.0, -1.0
1.0, -1.0, 0.9797, 0.5022, 0.0457, 0.1519, -1.0, -1.0, -1.0, -1.0
1.0, -1.0, 0.8541, 0.1809, 0.0379, 0.2128, -1.0, -1.0, -1.0, -1.0
1.0, -1.0, 0.0183, 0.6205, 0.0384, 0.1107, -1.0, -1.0, -1.0, -1.0
1.0, -1.0, 0.4452, 0.587, 0.2252, 0.2397, -1.0, -1.0, -1.0, -1.0
2.0, 1.0, 0.2663, 0.5435, 0.0084, 0.0732, -1.0, -1.0, -1.0, -1.0
2.0, 2.0, 0.8394, 0.2144, 0.0127, 0.1344, -1.0, -1.0, -1.0, -1.0
2.0, 3.0, 0.0814, 0.4027, 0.008, 0.0619, -1.0, -1.0, -1.0, -1.0
2.0, 4.0, 0.3471, 0.1954, 0.0176, 0.1529, -1.0, -1.0, -1.0, -1.0
2.0, 5.0, 0.2753, 0.1909, 0.0135, 0.1429, -1.0, -1.0, -1.0, -1.0
2.0, 6.0, 0.3064, 0.1611, 0.0251, 0.2536, -1.0, -1.0, -1.0, -1.0
2.0, 7.0, 0.9934, 0.4997, 0.0433, 0.1495, -1.0, -1.0, -1.0, -1.0
2.0, 8.0, 0.8661, 0.1763, 0.0269, 0.2058, -1.0, -1.0, -1.0, -1.0
2.0, 9.0, 0.0429, 0.5991, 0.0748, 0.1678, -1.0, -1.0, -1.0, -1.0
2.0, 10.0, 0.5068, 0.5459, 0.1466, 0.1779, -1.0, -1.0, -1.0, -1.0
3.0, 1.0, 0.2633, 0.5458, 0.0144, 0.0757, -1.0, -1.0, -1.0, -1.0
3.0, 2.0, 0.8362, 0.2176, 0.0178, 0.1338, -1.0, -1.0, -1.0, -1.0
3.0, 3.0, 0.0829, 0.4035, 0.0126, 0.0611, -1.0, -1.0, -1.0, -1.0
3.0, 4.0, 0.3466, 0.1973, 0.0215, 0.1529, -1.0, -1.0, -1.0, -1.0
3.0, 5.0, 0.2747, 0.1938, 0.0201, 0.1454, -1.0, -1.0, -1.0, -1.0
3.0, 6.0, 0.3054, 0.1617, 0.0266, 0.2527, -1.0, -1.0, -1.0, -1.0
3.0, 7.0, 1.0006, 0.5023, 0.0497, 0.1506, -1.0, -1.0, -1.0, -1.0
3.0, 8.0, 0.869, 0.1767, 0.0274, 0.2024, -1.0, -1.0, -1.0, -1.0
3.0, 9.0, 0.0431, 0.5996, 0.1304, 0.189, -1.0, -1.0, -1.0, -1.0
3.0, 10.0, 0.5373, 0.5517, 0.1511, 0.1951, -1.0, -1.0, -1.0, -1.0
4.0, 1.0, 0.257, 0.5496, 0.0206, 0.0808, -1.0, -1.0, -1.0, -1.0
4.0, 2.0, 0.8377, 0.2149, 0.013, 0.1311, -1.0, -1.0, -1.0, -1.0
4.0, 3.0, 0.0815, 0.4058, 0.0133, 0.0653, -1.0, -1.0, -1.0, -1.0
4.0, 4.0, 0.35, 0.1948, 0.016, 0.1509, -1.0, -1.0, -1.0, -1.0
4.0, 5.0, 0.2779, 0.1912, 0.0141, 0.1434, -1.0, -1.0, -1.0, -1.0
4.0, 6.0, 0.3093, 0.1592, 0.0189, 0.2461, -1.0, -1.0, -1.0, -1.0
4.0, 7.0, 1.0128, 0.5032, 0.0535, 0.1506, -1.0, -1.0, -1.0, -1.0
4.0, 8.0, 0.8707, 0.1712, 0.0256, 0.2058, -1.0, -1.0, -1.0, -1.0
4.0, 9.0, 0.0566, 0.5976, 0.1581, 0.1817, -1.0, -1.0, -1.0, -1.0
4.0, 10.0, 0.5984, 0.539, 0.138, 0.1579, -1.0, -1.0, -1.0, -1.0
5.0, 1.0, 0.2567, 0.5484, 0.019, 0.0789, -1.0, -1.0, -1.0, -1.0
5.0, 2.0, 0.8368, 0.2174, 0.018, 0.1346, -1.0, -1.0, -1.0, -1.0
5.0, 3.0, 0.0792, 0.4082, 0.0157, 0.0688, -1.0, -1.0, -1.0, -1.0
5.0, 4.0, 0.348, 0.199, 0.0231, 0.1576, -1.0, -1.0, -1.0, -1.0
5.0, 5.0, 0.2762, 0.1938, 0.021, 0.1473, -1.0, -1.0, -1.0, -1.0
5.0, 6.0, 0.31, 0.1605, 0.0267, 0.253, -1.0, -1.0, -1.0, -1.0
5.0, 7.0, 1.023, 0.5044, 0.0577, 0.1507, -1.0, -1.0, -1.0, -1.0
5.0, 8.0, 0.8704, 0.1773, 0.0297, 0.2054, -1.0, -1.0, -1.0, -1.0
5.0, 9.0, 0.0972, 0.5949, 0.1635, 0.1748, -1.0, -1.0, -1.0, -1.0
5.0, 10.0, 0.6402, 0.5356, 0.1474, 0.1679, -1.0, -1.0, -1.0, -1.0
6.0, 1.0, 0.2562, 0.5503, 0.02, 0.0821, -1.0, -1.0, -1.0, -1.0
6.0, 2.0, 0.8372, 0.213, 0.0173, 0.1369, -1.0, -1.0, -1.0, -1.0
6.0, 3.0, 0.0789, 0.4072, 0.0121, 0.0656, -1.0, -1.0, -1.0, -1.0
6.0, 4.0, 0.3482, 0.1957, 0.0162, 0.1574, -1.0, -1.0, -1.0, -1.0
6.0, 5.0, 0.2776, 0.1916, 0.0128, 0.1443, -1.0, -1.0, -1.0, -1.0
6.0, 6.0, 0.3046, 0.1608, 0.0206, 0.2504, -1.0, -1.0, -1.0, -1.0
6.0, 7.0, 1.0366, 0.5048, 0.0599, 0.1502, -1.0, -1.0, -1.0, -1.0
6.0, 8.0, 0.8709, 0.177, 0.0284, 0.2048, -1.0, -1.0, -1.0, -1.0
6.0, 9.0, 0.1438, 0.588, 0.1593, 0.182, -1.0, -1.0, -1.0, -1.0
6.0, 10.0, 0.6872, 0.5303, 0.1387, 0.1594, -1.0, -1.0, -1.0, -1.0
7.0, 1.0, 0.2574, 0.551, 0.023, 0.08, -1.0, -1.0, -1.0, -1.0
7.0, 2.0, 0.8345, 0.2173, 0.0153, 0.135, -1.0, -1.0, -1.0, -1.0
7.0, 3.0, 0.0783, 0.4038, 0.0112, 0.0651, -1.0, -1.0, -1.0, -1.0
7.0, 4.0, 0.3467, 0.1975, 0.0201, 0.1534, -1.0, -1.0, -1.0, -1.0
7.0, 5.0, 0.2753, 0.1912, 0.019, 0.1462, -1.0, -1.0, -1.0, -1.0
7.0, 6.0, 0.3086, 0.1616, 0.0233, 0.2502, -1.0, -1.0, -1.0, -1.0
7.0, 7.0, 1.049, 0.5044, 0.0611, 0.149, -1.0, -1.0, -1.0, -1.0
7.0, 8.0, 0.8703, 0.1771, 0.0287, 0.2048, -1.0, -1.0, -1.0, -1.0
7.0, 9.0, 0.1939, 0.5818, 0.1754, 0.1897, -1.0, -1.0, -1.0, -1.0
7.0, 10.0, 0.7295, 0.5251, 0.1451, 0.1647, -1.0, -1.0, -1.0, -1.0
8.0, 1.0, 0.2568, 0.5512, 0.0248, 0.0775, -1.0, -1.0, -1.0, -1.0
8.0, 2.0, 0.8352, 0.2198, 0.0192, 0.1327, -1.0, -1.0, -1.0, -1.0
8.0, 3.0, 0.0778, 0.4046, 0.0102, 0.0624, -1.0, -1.0, -1.0, -1.0
8.0, 4.0, 0.3462, 0.2007, 0.0272, 0.1597, -1.0, -1.0, -1.0, -1.0
8.0, 5.0, 0.2741, 0.1951, 0.0235, 0.1484, -1.0, -1.0, -1.0, -1.0
8.0, 6.0, 0.3043, 0.1631, 0.0299, 0.255, -1.0, -1.0, -1.0, -1.0
8.0, 8.0, 0.8708, 0.179, 0.0321, 0.2063, -1.0, -1.0, -1.0, -1.0
8.0, 9.0, 0.2307, 0.573, 0.1189, 0.1744, -1.0, -1.0, -1.0, -1.0
8.0, 10.0, 0.7742, 0.5191, 0.1371, 0.175, -1.0, -1.0, -1.0, -1.0
9.0, 1.0, 0.2567, 0.548, 0.0193, 0.073, -1.0, -1.0, -1.0, -1.0
9.0, 2.0, 0.8338, 0.2181, 0.0136, 0.1302, -1.0, -1.0, -1.0, -1.0
9.0, 3.0, 0.0778, 0.4028, 0.0094, 0.0653, -1.0, -1.0, -1.0, -1.0
9.0, 4.0, 0.3456, 0.2004, 0.0252, 0.1577, -1.0, -1.0, -1.0, -1.0
9.0, 5.0, 0.2742, 0.195, 0.0197, 0.1463, -1.0, -1.0, -1.0, -1.0
9.0, 6.0, 0.3121, 0.1672, 0.0294, 0.255, -1.0, -1.0, -1.0, -1.0
9.0, 8.0, 0.8715, 0.1757, 0.0303, 0.2054, -1.0, -1.0, -1.0, -1.0
9.0, 9.0, 0.2806, 0.5709, 0.1421, 0.1838, -1.0, -1.0, -1.0, -1.0
9.0, 10.0, 0.8181, 0.5207, 0.1546, 0.186, -1.0, -1.0, -1.0, -1.0
10.0, 1.0, 0.2585, 0.5447, 0.0137, 0.0681, -1.0, -1.0, -1.0, -1.0
10.0, 2.0, 0.832, 0.2191, 0.0192, 0.1307, -1.0, -1.0, -1.0, -1.0
10.0, 3.0, 0.0778, 0.4046, 0.012, 0.0669, -1.0, -1.0, -1.0, -1.0
10.0, 4.0, 0.3467, 0.2006, 0.0242, 0.1574, -1.0, -1.0, -1.0, -1.0
10.0, 5.0, 0.2732, 0.1981, 0.0225, 0.1456, -1.0, -1.0, -1.0, -1.0
10.0, 6.0, 0.3107, 0.1648, 0.026, 0.2506, -1.0, -1.0, -1.0, -1.0
10.0, 8.0, 0.8698, 0.1772, 0.0318, 0.2084, -1.0, -1.0, -1.0, -1.0
10.0, 9.0, 0.3311, 0.5716, 0.1652, 0.1892, -1.0, -1.0, -1.0, -1.0
10.0, 10.0, 0.8633, 0.5204, 0.1635, 0.1877, -1.0, -1.0, -1.0, -1.0
11.0, 1.0, 0.2575, 0.544, 0.0101, 0.0754, -1.0, -1.0, -1.0, -1.0
11.0, 2.0, 0.8325, 0.2192, 0.0197, 0.131, -1.0, -1.0, -1.0, -1.0
11.0, 3.0, 0.0777, 0.4048, 0.0123, 0.067, -1.0, -1.0, -1.0, -1.0
11.0, 4.0, 0.3466, 0.2006, 0.0241, 0.1573, -1.0, -1.0, -1.0, -1.0
11.0, 5.0, 0.2738, 0.1969, 0.0237, 0.1485, -1.0, -1.0, -1.0, -1.0
11.0, 6.0, 0.3108, 0.1648, 0.0262, 0.2507, -1.0, -1.0, -1.0, -1.0
11.0, 8.0, 0.8698, 0.1812, 0.0317, 0.2056, -1.0, -1.0, -1.0, -1.0
11.0, 9.0, 0.3639, 0.5761, 0.2008, 0.201, -1.0, -1.0, -1.0, -1.0
11.0, 10.0, 0.909, 0.5215, 0.1714, 0.1887, -1.0, -1.0, -1.0, -1.0
12.0, 1.0, 0.258, 0.5434, 0.009, 0.0751, -1.0, -1.0, -1.0, -1.0
12.0, 2.0, 0.8325, 0.2205, 0.0194, 0.1335, -1.0, -1.0, -1.0, -1.0
12.0, 3.0, 0.0777, 0.4047, 0.0122, 0.067, -1.0, -1.0, -1.0, -1.0
12.0, 4.0, 0.3469, 0.1991, 0.0237, 0.1544, -1.0, -1.0, -1.0, -1.0
12.0, 5.0, 0.2736, 0.1969, 0.0236, 0.1484, -1.0, -1.0, -1.0, -1.0
12.0, 6.0, 0.3111, 0.1648, 0.0269, 0.2507, -1.0, -1.0, -1.0, -1.0
12.0, 8.0, 0.8697, 0.1785, 0.0317, 0.2057, -1.0, -1.0, -1.0, -1.0
12.0, 9.0, 0.4286, 0.564, 0.1685, 0.184, -1.0, -1.0, -1.0, -1.0
12.0, 10.0, 0.9475, 0.5197, 0.1447, 0.1817, -1.0, -1.0, -1.0, -1.0
13.0, 1.0, 0.2574, 0.544, 0.0101, 0.0755, -1.0, -1.0, -1.0, -1.0
13.0, 2.0, 0.8323, 0.2193, 0.0199, 0.1364, -1.0, -1.0, -1.0, -1.0
13.0, 3.0, 0.0777, 0.4047, 0.0123, 0.067, -1.0, -1.0, -1.0, -1.0
13.0, 4.0, 0.3468, 0.1993, 0.024, 0.1546, -1.0, -1.0, -1.0, -1.0
13.0, 5.0, 0.2742, 0.1969, 0.0244, 0.1484, -1.0, -1.0, -1.0, -1.0
13.0, 6.0, 0.3109, 0.1649, 0.0263, 0.2507, -1.0, -1.0, -1.0, -1.0
13.0, 8.0, 0.8694, 0.1812, 0.0324, 0.2055, -1.0, -1.0, -1.0, -1.0
13.0, 9.0, 0.4609, 0.5598, 0.1835, 0.1852, -1.0, -1.0, -1.0, -1.0
13.0, 10.0, 0.968, 0.5108, 0.1032, 0.1862, -1.0, -1.0, -1.0, -1.0
14.0, 1.0, 0.2578, 0.5423, 0.0095, 0.078, -1.0, -1.0, -1.0, -1.0
14.0, 2.0, 0.8322, 0.2193, 0.02, 0.1365, -1.0, -1.0, -1.0, -1.0
14.0, 3.0, 0.0776, 0.4074, 0.0123, 0.067, -1.0, -1.0, -1.0, -1.0
14.0, 4.0, 0.3468, 0.1992, 0.0239, 0.1546, -1.0, -1.0, -1.0, -1.0
14.0, 5.0, 0.2744, 0.1969, 0.0236, 0.1484, -1.0, -1.0, -1.0, -1.0
14.0, 6.0, 0.3106, 0.1648, 0.026, 0.2506, -1.0, -1.0, -1.0, -1.0
14.0, 8.0, 0.8698, 0.1812, 0.0318, 0.2057, -1.0, -1.0, -1.0, -1.0
14.0, 9.0, 0.514, 0.5503, 0.1573, 0.1724, -1.0, -1.0, -1.0, -1.0
14.0, 10.0, 0.9911, 0.5001, 0.0549, 0.1722, -1.0, -1.0, -1.0, -1.0
15.0, 1.0, 0.2577, 0.5436, 0.0094, 0.0753, -1.0, -1.0, -1.0, -1.0
15.0, 2.0, 0.8322, 0.2193, 0.0205, 0.1363, -1.0, -1.0, -1.0, -1.0
15.0, 3.0, 0.0777, 0.4048, 0.0123, 0.067, -1.0, -1.0, -1.0, -1.0
15.0, 4.0, 0.3469, 0.1992, 0.0239, 0.1546, -1.0, -1.0, -1.0, -1.0
15.0, 5.0, 0.2746, 0.1968, 0.0234, 0.1483, -1.0, -1.0, -1.0, -1.0
15.0, 6.0, 0.3108, 0.1648, 0.0262, 0.2507, -1.0, -1.0, -1.0, -1.0
15.0, 8.0, 0.8698, 0.1812, 0.0317, 0.2057, -1.0, -1.0, -1.0, -1.0
15.0, 9.0, 0.5545, 0.5476, 0.1569, 0.1777, -1.0, -1.0, -1.0, -1.0
15.0, 10.0, 1.0049, 0.5033, 0.0623, 0.1768, -1.0, -1.0, -1.0, -1.0
15.0, 11.0, 0.0074, 0.6753, 0.0096, 0.0919, -1.0, -1.0, -1.0, -1.0
16.0, 1.0, 0.2578, 0.5439, 0.0091, 0.0755, -1.0, -1.0, -1.0, -1.0
16.0, 2.0, 0.8321, 0.2194, 0.0207, 0.1365, -1.0, -1.0, -1.0, -1.0
16.0, 3.0, 0.0777, 0.4047, 0.0123, 0.067, -1.0, -1.0, -1.0, -1.0
16.0, 4.0, 0.3468, 0.1993, 0.024, 0.1546, -1.0, -1.0, -1.0, -1.0
16.0, 5.0, 0.274, 0.1969, 0.0245, 0.1484, -1.0, -1.0, -1.0, -1.0
16.0, 6.0, 0.3112, 0.1648, 0.027, 0.2507, -1.0, -1.0, -1.0, -1.0
16.0, 8.0, 0.8698, 0.1812, 0.0318, 0.2057, -1.0, -1.0, -1.0, -1.0
16.0, 9.0, 0.5985, 0.5442, 0.1518, 0.1714, -1.0, -1.0, -1.0, -1.0
16.0, 10.0, 1.0179, 0.5061, 0.0699, 0.182, -1.0, -1.0, -1.0, -1.0
16.0, 11.0, 0.0114, 0.6722, 0.0041, 0.0842, -1.0, -1.0, -1.0, -1.0
16.0, 12.0, 0.0128, 0.6522, 0.0316, 0.1692, -1.0, -1.0, -1.0, -1.0
17.0, 1.0, 0.2581, 0.5424, 0.0088, 0.078, -1.0, -1.0, -1.0, -1.0
17.0, 2.0, 0.8327, 0.2194, 0.0198, 0.1364, -1.0, -1.0, -1.0, -1.0
17.0, 3.0, 0.0777, 0.406, 0.0122, 0.0643, -1.0, -1.0, -1.0, -1.0
17.0, 4.0, 0.3469, 0.1993, 0.024, 0.1546, -1.0, -1.0, -1.0, -1.0
17.0, 5.0, 0.2745, 0.1968, 0.0234, 0.1483, -1.0, -1.0, -1.0, -1.0
17.0, 6.0, 0.3107, 0.1648, 0.026, 0.2506, -1.0, -1.0, -1.0, -1.0
17.0, 8.0, 0.8694, 0.1812, 0.0326, 0.2057, -1.0, -1.0, -1.0, -1.0
17.0, 9.0, 0.6375, 0.5377, 0.1574, 0.1733, -1.0, -1.0, -1.0, -1.0
17.0, 10.0, 1.0293, 0.5091, 0.0781, 0.1881, -1.0, -1.0, -1.0, -1.0
17.0, 11.0, 0.0149, 0.6718, 0.0034, 0.0777, -1.0, -1.0, -1.0, -1.0
17.0, 12.0, 0.0209, 0.6311, 0.0288, 0.2012, -1.0, -1.0, -1.0, -1.0
18.0, 1.0, 0.2575, 0.5438, 0.0098, 0.0754, -1.0, -1.0, -1.0, -1.0
18.0, 2.0, 0.8328, 0.2194, 0.0197, 0.1364, -1.0, -1.0, -1.0, -1.0
18.0, 3.0, 0.0776, 0.4049, 0.0125, 0.0671, -1.0, -1.0, -1.0, -1.0
18.0, 4.0, 0.3469, 0.198, 0.0242, 0.1574, -1.0, -1.0, -1.0, -1.0
18.0, 5.0, 0.2741, 0.198, 0.0225, 0.1456, -1.0, -1.0, -1.0, -1.0
18.0, 6.0, 0.3108, 0.1661, 0.026, 0.2479, -1.0, -1.0, -1.0, -1.0
18.0, 8.0, 0.8698, 0.1812, 0.0317, 0.2057, -1.0, -1.0, -1.0, -1.0
18.0, 9.0, 0.6864, 0.5305, 0.1562, 0.1632, -1.0, -1.0, -1.0, -1.0
18.0, 10.0, 1.0405, 0.5124, 0.0872, 0.1948, -1.0, -1.0, -1.0, -1.0
18.0, 11.0, 0.0139, 0.6716, 0.0031, 0.0732, -1.0, -1.0, -1.0, -1.0
18.0, 12.0, 0.0122, 0.6351, 0.0633, 0.2486, -1.0, -1.0, -1.0, -1.0
19.0, 1.0, 0.2582, 0.544, 0.01, 0.0755, -1.0, -1.0, -1.0, -1.0
19.0, 2.0, 0.833, 0.2205, 0.0191, 0.1333, -1.0, -1.0, -1.0, -1.0
19.0, 3.0, 0.0778, 0.4059, 0.0119, 0.0642, -1.0, -1.0, -1.0, -1.0
19.0, 4.0, 0.3467, 0.1994, 0.0243, 0.1601, -1.0, -1.0, -1.0, -1.0
19.0, 5.0, 0.2741, 0.197, 0.0246, 0.1485, -1.0, -1.0, -1.0, -1.0
19.0, 6.0, 0.3108, 0.1649, 0.0262, 0.2507, -1.0, -1.0, -1.0, -1.0
19.0, 8.0, 0.8699, 0.1812, 0.0316, 0.2056, -1.0, -1.0, -1.0, -1.0
19.0, 9.0, 0.7303, 0.5281, 0.1548, 0.1775, -1.0, -1.0, -1.0, -1.0
19.0, 10.0, 1.0538, 0.5152, 0.096, 0.2019, -1.0, -1.0, -1.0, -1.0
19.0, 11.0, 0.0148, 0.6695, 0.0001, 0.0685, -1.0, -1.0, -1.0, -1.0
19.0, 12.0, 0.0174, 0.6345, 0.0641, 0.2536, -1.0, -1.0, -1.0, -1.0
20.0, 1.0, 0.2585, 0.5436, 0.0095, 0.0753, -1.0, -1.0, -1.0, -1.0
20.0, 2.0, 0.8324, 0.2206, 0.0203, 0.1336, -1.0, -1.0, -1.0, -1.0
20.0, 3.0, 0.0776, 0.4049, 0.0125, 0.067, -1.0, -1.0, -1.0, -1.0
20.0, 4.0, 0.3467, 0.1979, 0.0239, 0.1572, -1.0, -1.0, -1.0, -1.0
20.0, 5.0, 0.2745, 0.1968, 0.0235, 0.1483, -1.0, -1.0, -1.0, -1.0
20.0, 6.0, 0.3108, 0.1648, 0.0261, 0.2507, -1.0, -1.0, -1.0, -1.0
20.0, 8.0, 0.8694, 0.1798, 0.0325, 0.2031, -1.0, -1.0, -1.0, -1.0
20.0, 9.0, 0.769, 0.5248, 0.1563, 0.1761, -1.0, -1.0, -1.0, -1.0
20.0, 10.0, 1.0705, 0.517, 0.1032, 0.2082, -1.0, -1.0, -1.0, -1.0
20.0, 11.0, 0.015, 0.6658, -0.0057, 0.0638, -1.0, -1.0, -1.0, -1.0
20.0, 12.0, 0.0347, 0.6349, 0.0811, 0.2797, -1.0, -1.0, -1.0, -1.0
21.0, 1.0, 0.2583, 0.5439, 0.01, 0.0755, -1.0, -1.0, -1.0, -1.0
21.0, 2.0, 0.8326, 0.2206, 0.0196, 0.1336, -1.0, -1.0, -1.0, -1.0
21.0, 3.0, 0.0778, 0.4058, 0.0119, 0.0642, -1.0, -1.0, -1.0, -1.0
21.0, 4.0, 0.3466, 0.1979, 0.0241, 0.1573, -1.0, -1.0, -1.0, -1.0
21.0, 5.0, 0.2746, 0.1969, 0.0236, 0.1484, -1.0, -1.0, -1.0, -1.0
21.0, 6.0, 0.3108, 0.1661, 0.026, 0.2479, -1.0, -1.0, -1.0, -1.0
21.0, 8.0, 0.8694, 0.1785, 0.0309, 0.2057, -1.0, -1.0, -1.0, -1.0
21.0, 9.0, 0.8113, 0.5246, 0.1624, 0.1849, -1.0, -1.0, -1.0, -1.0
21.0, 11.0, 0.0157, 0.662, -0.0113, 0.0588, -1.0, -1.0, -1.0, -1.0
21.0, 12.0, 0.0278, 0.6366, 0.0981, 0.3047, -1.0, -1.0, -1.0, -1.0
22.0, 1.0, 0.2584, 0.5438, 0.0097, 0.0754, -1.0, -1.0, -1.0, -1.0
22.0, 2.0, 0.8322, 0.2206, 0.0204, 0.1336, -1.0, -1.0, -1.0, -1.0
22.0, 3.0, 0.0781, 0.4061, 0.0115, 0.0643, -1.0, -1.0, -1.0, -1.0
22.0, 4.0, 0.3468, 0.1979, 0.0239, 0.1572, -1.0, -1.0, -1.0, -1.0
22.0, 5.0, 0.2744, 0.1968, 0.0235, 0.1483, -1.0, -1.0, -1.0, -1.0
22.0, 6.0, 0.3108, 0.1661, 0.026, 0.248, -1.0, -1.0, -1.0, -1.0
22.0, 8.0, 0.8698, 0.1772, 0.0318, 0.2084, -1.0, -1.0, -1.0, -1.0
22.0, 9.0, 0.8481, 0.5266, 0.1783, 0.1964, -1.0, -1.0, -1.0, -1.0
22.0, 12.0, 0.0431, 0.645, 0.1031, 0.3024, -1.0, -1.0, -1.0, -1.0
23.0, 1.0, 0.2584, 0.5438, 0.0097, 0.0754, -1.0, -1.0, -1.0, -1.0
23.0, 2.0, 0.8341, 0.2182, 0.0221, 0.1394, -1.0, -1.0, -1.0, -1.0
23.0, 3.0, 0.0778, 0.4032, 0.0103, 0.0642, -1.0, -1.0, -1.0, -1.0
23.0, 4.0, 0.3467, 0.1992, 0.024, 0.1546, -1.0, -1.0, -1.0, -1.0
23.0, 5.0, 0.2747, 0.1968, 0.0234, 0.1483, -1.0, -1.0, -1.0, -1.0
23.0, 6.0, 0.3109, 0.1661, 0.0261, 0.248, -1.0, -1.0, -1.0, -1.0
23.0, 8.0, 0.8694, 0.1812, 0.0326, 0.2057, -1.0, -1.0, -1.0, -1.0
23.0, 9.0, 0.8955, 0.5199, 0.1754, 0.1939, -1.0, -1.0, -1.0, -1.0
23.0, 12.0, 0.0435, 0.6499, 0.1066, 0.3147, -1.0, -1.0, -1.0, -1.0
23.0, 13.0, 0.11, 0.5992, 0.0953, 0.149, -1.0, -1.0, -1.0, -1.0
24.0, 1.0, 0.2584, 0.5438, 0.0098, 0.0754, -1.0, -1.0, -1.0, -1.0
24.0, 2.0, 0.8342, 0.2166, 0.0213, 0.1364, -1.0, -1.0, -1.0, -1.0
24.0, 3.0, 0.0785, 0.4022, 0.0092, 0.0616, -1.0, -1.0, -1.0, -1.0
24.0, 4.0, 0.3464, 0.1992, 0.0248, 0.1546, -1.0, -1.0, -1.0, -1.0
24.0, 5.0, 0.274, 0.1969, 0.0245, 0.1484, -1.0, -1.0, -1.0, -1.0
24.0, 6.0, 0.3108, 0.1661, 0.026, 0.2479, -1.0, -1.0, -1.0, -1.0
24.0, 8.0, 0.8697, 0.1798, 0.0317, 0.2031, -1.0, -1.0, -1.0, -1.0
24.0, 9.0, 0.9387, 0.5254, 0.1602, 0.1958, -1.0, -1.0, -1.0, -1.0
24.0, 12.0, 0.0452, 0.6498, 0.1196, 0.3534, -1.0, -1.0, -1.0, -1.0
24.0, 13.0, 0.1404, 0.5898, 0.1165, 0.1477, -1.0, -1.0, -1.0, -1.0
25.0, 1.0, 0.2605, 0.5403, 0.0039, 0.0703, -1.0, -1.0, -1.0, -1.0
25.0, 2.0, 0.8321, 0.2195, 0.021, 0.1366, -1.0, -1.0, -1.0, -1.0
25.0, 3.0, 0.0779, 0.4062, 0.0118, 0.0697, -1.0, -1.0, -1.0, -1.0
25.0, 4.0, 0.3464, 0.1992, 0.0247, 0.1546, -1.0, -1.0, -1.0, -1.0
25.0, 5.0, 0.2745, 0.1955, 0.0236, 0.151, -1.0, -1.0, -1.0, -1.0
25.0, 6.0, 0.3108, 0.1648, 0.0261, 0.2507, -1.0, -1.0, -1.0, -1.0
25.0, 8.0, 0.8697, 0.1812, 0.0318, 0.2057, -1.0, -1.0, -1.0, -1.0
25.0, 9.0, 0.9569, 0.5143, 0.1254, 0.1921, -1.0, -1.0, -1.0, -1.0
25.0, 12.0, 0.0442, 0.6598, 0.119, 0.3515, -1.0, -1.0, -1.0, -1.0
25.0, 13.0, 0.1649, 0.5954, 0.1395, 0.2213, -1.0, -1.0, -1.0, -1.0
26.0, 1.0, 0.2628, 0.5367, -0.002, 0.0652, -1.0, -1.0, -1.0, -1.0
26.0, 2.0, 0.8325, 0.2194, 0.02, 0.1366, -1.0, -1.0, -1.0, -1.0
26.0, 3.0, 0.0786, 0.4044, 0.0118, 0.0721, -1.0, -1.0, -1.0, -1.0
26.0, 4.0, 0.3469, 0.1993, 0.024, 0.1546, -1.0, -1.0, -1.0, -1.0
26.0, 5.0, 0.274, 0.1967, 0.0242, 0.1482, -1.0, -1.0, -1.0, -1.0
26.0, 6.0, 0.3109, 0.1649, 0.0263, 0.2507, -1.0, -1.0, -1.0, -1.0
26.0, 8.0, 0.8698, 0.1812, 0.0318, 0.2057, -1.0, -1.0, -1.0, -1.0
26.0, 9.0, 0.9778, 0.509, 0.0821, 0.1936, -1.0, -1.0, -1.0, -1.0
26.0, 12.0, 0.0454, 0.6678, 0.1221, 0.3672, -1.0, -1.0, -1.0, -1.0
26.0, 13.0, 0.2208, 0.5859, 0.114, 0.1428, -1.0, -1.0, -1.0, -1.0
27.0, 1.0, 0.2655, 0.5327, -0.0086, 0.06, -1.0, -1.0, -1.0, -1.0
27.0, 2.0, 0.8333, 0.2194, 0.0206, 0.1364, -1.0, -1.0, -1.0, -1.0
27.0, 3.0, 0.0785, 0.4088, 0.0124, 0.0749, -1.0, -1.0, -1.0, -1.0
27.0, 4.0, 0.3468, 0.1993, 0.024, 0.1546, -1.0, -1.0, -1.0, -1.0
27.0, 5.0, 0.2741, 0.1956, 0.0245, 0.1511, -1.0, -1.0, -1.0, -1.0
27.0, 6.0, 0.3114, 0.1649, 0.0272, 0.2508, -1.0, -1.0, -1.0, -1.0
27.0, 8.0, 0.8698, 0.1812, 0.0318, 0.2058, -1.0, -1.0, -1.0, -1.0
27.0, 9.0, 0.9975, 0.4891, 0.0401, 0.1913, -1.0, -1.0, -1.0, -1.0
27.0, 12.0, 0.0459, 0.6807, 0.1229, 0.3814, -1.0, -1.0, -1.0, -1.0
27.0, 13.0, 0.2557, 0.58, 0.0841, 0.1546, -1.0, -1.0, -1.0, -1.0
28.0, 1.0, 0.2684, 0.5287, -0.0152, 0.0549, -1.0, -1.0, -1.0, -1.0
28.0, 2.0, 0.8344, 0.2157, 0.0238, 0.1396, -1.0, -1.0, -1.0, -1.0
28.0, 3.0, 0.0781, 0.4087, 0.0114, 0.0749, -1.0, -1.0, -1.0, -1.0
28.0, 4.0, 0.347, 0.1992, 0.0239, 0.1546, -1.0, -1.0, -1.0, -1.0
28.0, 5.0, 0.2736, 0.1967, 0.0232, 0.1481, -1.0, -1.0, -1.0, -1.0
28.0, 6.0, 0.3107, 0.1648, 0.0261, 0.2507, -1.0, -1.0, -1.0, -1.0
28.0, 8.0, 0.8698, 0.1812, 0.0319, 0.2058, -1.0, -1.0, -1.0, -1.0
28.0, 9.0, 1.0097, 0.4939, 0.05, 0.1974, -1.0, -1.0, -1.0, -1.0
28.0, 12.0, 0.0439, 0.6955, 0.1197, 0.4213, -1.0, -1.0, -1.0, -1.0
28.0, 13.0, 0.3092, 0.5778, 0.122, 0.1727, -1.0, -1.0, -1.0, -1.0
28.0, 14.0, 0.114, 0.6365, 0.0291, 0.1012, -1.0, -1.0, -1.0, -1.0
29.0, 1.0, 0.2717, 0.5244, -0.0222, 0.0496, -1.0, -1.0, -1.0, -1.0
29.0, 2.0, 0.833, 0.2208, 0.0214, 0.1392, -1.0, -1.0, -1.0, -1.0
29.0, 3.0, 0.0786, 0.4082, 0.0109, 0.0725, -1.0, -1.0, -1.0, -1.0
29.0, 4.0, 0.3468, 0.1993, 0.0241, 0.1547, -1.0, -1.0, -1.0, -1.0
29.0, 5.0, 0.2739, 0.1953, 0.0232, 0.1455, -1.0, -1.0, -1.0, -1.0
29.0, 6.0, 0.3108, 0.1661, 0.0261, 0.248, -1.0, -1.0, -1.0, -1.0
29.0, 8.0, 0.8699, 0.1812, 0.0318, 0.2057, -1.0, -1.0, -1.0, -1.0
29.0, 9.0, 1.021, 0.4987, 0.0609, 0.2047, -1.0, -1.0, -1.0, -1.0
29.0, 12.0, 0.0411, 0.7037, 0.1145, 0.4377, -1.0, -1.0, -1.0, -1.0
29.0, 13.0, 0.3499, 0.5684, 0.1336, 0.1584, -1.0, -1.0, -1.0, -1.0
29.0, 14.0, 0.13, 0.6136, 0.0745, 0.1586, -1.0, -1.0, -1.0, -1.0
29.0, 15.0, 0.2583, 0.549, 0.0216, 0.0822, -1.0, -1.0, -1.0, -1.0
30.0, 1.0, 0.2753, 0.5199, -0.0296, 0.0443, -1.0, -1.0, -1.0, -1.0
30.0, 2.0, 0.8344, 0.2157, 0.0238, 0.1396, -1.0, -1.0, -1.0, -1.0
30.0, 3.0, 0.0781, 0.4049, 0.0117, 0.0671, -1.0, -1.0, -1.0, -1.0
30.0, 4.0, 0.3468, 0.1993, 0.0241, 0.1547, -1.0, -1.0, -1.0, -1.0
30.0, 5.0, 0.2739, 0.1969, 0.0246, 0.1485, -1.0, -1.0, -1.0, -1.0
30.0, 6.0, 0.3113, 0.1649, 0.0271, 0.2508, -1.0, -1.0, -1.0, -1.0
30.0, 8.0, 0.8699, 0.1772, 0.0317, 0.2084, -1.0, -1.0, -1.0, -1.0
30.0, 9.0, 1.0334, 0.5033, 0.0722, 0.2125, -1.0, -1.0, -1.0, -1.0
30.0, 12.0, 0.0362, 0.7237, 0.1031, 0.4776, -1.0, -1.0, -1.0, -1.0
30.0, 13.0, 0.4081, 0.5591, 0.108, 0.154, -1.0, -1.0, -1.0, -1.0
30.0, 14.0, 0.1255, 0.6137, 0.1308, 0.1996, -1.0, -1.0, -1.0, -1.0
30.0, 15.0, 0.2671, 0.5435, 0.0084, 0.0733, -1.0, -1.0, -1.0, -1.0
31.0, 2.0, 0.8343, 0.2168, 0.0235, 0.1368, -1.0, -1.0, -1.0, -1.0
31.0, 3.0, 0.0774, 0.4053, 0.013, 0.0726, -1.0, -1.0, -1.0, -1.0
31.0, 4.0, 0.3468, 0.1992, 0.024, 0.1546, -1.0, -1.0, -1.0, -1.0
31.0, 5.0, 0.2743, 0.1968, 0.0241, 0.1483, -1.0, -1.0, -1.0, -1.0
31.0, 6.0, 0.3114, 0.1649, 0.0272, 0.2507, -1.0, -1.0, -1.0, -1.0
31.0, 8.0, 0.8699, 0.1785, 0.0316, 0.2056, -1.0, -1.0, -1.0, -1.0
31.0, 9.0, 1.05, 0.5072, 0.0822, 0.2188, -1.0, -1.0, -1.0, -1.0
31.0, 12.0, 0.032, 0.7338, 0.0995, 0.5131, -1.0, -1.0, -1.0, -1.0
31.0, 13.0, 0.4574, 0.5565, 0.1017, 0.1474, -1.0, -1.0, -1.0, -1.0
31.0, 14.0, 0.1499, 0.6103, 0.1458, 0.1781, -1.0, -1.0, -1.0, -1.0
31.0, 15.0, 0.2644, 0.5473, 0.0138, 0.0785, -1.0, -1.0, -1.0, -1.0
32.0, 2.0, 0.835, 0.2169, 0.0228, 0.1368, -1.0, -1.0, -1.0, -1.0
32.0, 3.0, 0.0778, 0.4063, 0.0125, 0.075, -1.0, -1.0, -1.0, -1.0
32.0, 4.0, 0.3468, 0.1993, 0.0241, 0.1547, -1.0, -1.0, -1.0, -1.0
32.0, 5.0, 0.274, 0.1957, 0.0248, 0.1512, -1.0, -1.0, -1.0, -1.0
32.0, 6.0, 0.3114, 0.1649, 0.0273, 0.2507, -1.0, -1.0, -1.0, -1.0
32.0, 8.0, 0.8698, 0.1812, 0.0319, 0.2058, -1.0, -1.0, -1.0, -1.0
32.0, 9.0, 1.0689, 0.51, 0.0905, 0.2242, -1.0, -1.0, -1.0, -1.0
32.0, 12.0, 0.0327, 0.7372, 0.1015, 0.5259, -1.0, -1.0, -1.0, -1.0
32.0, 13.0, 0.5032, 0.5557, 0.1065, 0.1441, -1.0, -1.0, -1.0, -1.0
32.0, 14.0, 0.1711, 0.6149, 0.1844, 0.1968, -1.0, -1.0, -1.0, -1.0
32.0, 15.0, 0.2653, 0.5501, 0.0205, 0.0792, -1.0, -1.0, -1.0, -1.0
33.0, 2.0, 0.833, 0.2195, 0.0219, 0.1367, -1.0, -1.0, -1.0, -1.0
33.0, 3.0, 0.0779, 0.4063, 0.0125, 0.0696, -1.0, -1.0, -1.0, -1.0
33.0, 4.0, 0.3467, 0.2007, 0.0243, 0.1574, -1.0, -1.0, -1.0, -1.0
33.0, 5.0, 0.2741, 0.1955, 0.0242, 0.1509, -1.0, -1.0, -1.0, -1.0
33.0, 6.0, 0.3113, 0.1649, 0.0271, 0.2507, -1.0, -1.0, -1.0, -1.0
33.0, 8.0, 0.8695, 0.1785, 0.0326, 0.2057, -1.0, -1.0, -1.0, -1.0
33.0, 9.0, 1.0892, 0.512, 0.0972, 0.228, -1.0, -1.0, -1.0, -1.0
33.0, 12.0, 0.0317, 0.7277, 0.0997, 0.5285, -1.0, -1.0, -1.0, -1.0
33.0, 13.0, 0.5472, 0.5513, 0.102, 0.1506, -1.0, -1.0, -1.0, -1.0
33.0, 14.0, 0.2126, 0.6073, 0.1547, 0.1899, -1.0, -1.0, -1.0, -1.0
33.0, 15.0, 0.2649, 0.5525, 0.0263, 0.0794, -1.0, -1.0, -1.0, -1.0
34.0, 2.0, 0.8347, 0.2169, 0.0234, 0.1367, -1.0, -1.0, -1.0, -1.0
34.0, 3.0, 0.0776, 0.4052, 0.0128, 0.0672, -1.0, -1.0, -1.0, -1.0
34.0, 4.0, 0.3467, 0.1992, 0.0239, 0.1546, -1.0, -1.0, -1.0, -1.0
34.0, 5.0, 0.2742, 0.1968, 0.0241, 0.1482, -1.0, -1.0, -1.0, -1.0
34.0, 6.0, 0.3108, 0.1648, 0.0262, 0.2507, -1.0, -1.0, -1.0, -1.0
34.0, 8.0, 0.8697, 0.1785, 0.0318, 0.2057, -1.0, -1.0, -1.0, -1.0
34.0, 12.0, 0.0301, 0.7304, 0.0968, 0.5392, -1.0, -1.0, -1.0, -1.0
34.0, 13.0, 0.5901, 0.5514, 0.1112, 0.1459, -1.0, -1.0, -1.0, -1.0
34.0, 14.0, 0.2573, 0.6088, 0.1741, 0.2026, -1.0, -1.0, -1.0, -1.0
34.0, 15.0, 0.2634, 0.5555, 0.0331, 0.0799, -1.0, -1.0, -1.0, -1.0
35.0, 2.0, 0.8328, 0.221, 0.0223, 0.1397, -1.0, -1.0, -1.0, -1.0
35.0, 3.0, 0.0776, 0.4065, 0.0127, 0.0698, -1.0, -1.0, -1.0, -1.0
35.0, 4.0, 0.3471, 0.1993, 0.0233, 0.1546, -1.0, -1.0, -1.0, -1.0
35.0, 5.0, 0.2736, 0.1968, 0.0235, 0.1483, -1.0, -1.0, -1.0, -1.0
35.0, 6.0, 0.3111, 0.1647, 0.0249, 0.2451, -1.0, -1.0, -1.0, -1.0
35.0, 8.0, 0.8694, 0.1772, 0.0326, 0.2084, -1.0, -1.0, -1.0, -1.0
35.0, 12.0, 0.0286, 0.7215, 0.0917, 0.5066, -1.0, -1.0, -1.0, -1.0
35.0, 13.0, 0.634, 0.5437, 0.112, 0.1556, -1.0, -1.0, -1.0, -1.0
35.0, 14.0, 0.3108, 0.5953, 0.1591, 0.1953, -1.0, -1.0, -1.0, -1.0
35.0, 15.0, 0.2637, 0.5572, 0.038, 0.0792, -1.0, -1.0, -1.0, -1.0
36.0, 2.0, 0.8348, 0.2167, 0.0226, 0.1367, -1.0, -1.0, -1.0, -1.0
36.0, 3.0, 0.0778, 0.4049, 0.0124, 0.067, -1.0, -1.0, -1.0, -1.0
36.0, 4.0, 0.3472, 0.1992, 0.0232, 0.1546, -1.0, -1.0, -1.0, -1.0
36.0, 5.0, 0.2737, 0.198, 0.0232, 0.1455, -1.0, -1.0, -1.0, -1.0
36.0, 6.0, 0.3112, 0.1661, 0.0252, 0.248, -1.0, -1.0, -1.0, -1.0
36.0, 8.0, 0.8698, 0.1812, 0.0318, 0.2057, -1.0, -1.0, -1.0, -1.0
36.0, 12.0, 0.0249, 0.7246, 0.0856, 0.5068, -1.0, -1.0, -1.0, -1.0
36.0, 13.0, 0.6774, 0.5453, 0.1097, 0.1438, -1.0, -1.0, -1.0, -1.0
36.0, 14.0, 0.3529, 0.592, 0.1571, 0.1925, -1.0, -1.0, -1.0, -1.0
36.0, 15.0, 0.2625, 0.5585, 0.0419, 0.078, -1.0, -1.0, -1.0, -1.0
37.0, 2.0, 0.8328, 0.2194, 0.0202, 0.1367, -1.0, -1.0, -1.0, -1.0
37.0, 3.0, 0.0776, 0.4065, 0.0128, 0.0698, -1.0, -1.0, -1.0, -1.0
37.0, 4.0, 0.3472, 0.1993, 0.0233, 0.1547, -1.0, -1.0, -1.0, -1.0
37.0, 5.0, 0.2738, 0.1969, 0.0238, 0.1485, -1.0, -1.0, -1.0, -1.0
37.0, 6.0, 0.3108, 0.1634, 0.0259, 0.2479, -1.0, -1.0, -1.0, -1.0
37.0, 8.0, 0.8697, 0.1812, 0.0318, 0.2058, -1.0, -1.0, -1.0, -1.0
37.0, 12.0, 0.0186, 0.7347, 0.0758, 0.542, -1.0, -1.0, -1.0, -1.0
37.0, 13.0, 0.7203, 0.5418, 0.1266, 0.1511, -1.0, -1.0, -1.0, -1.0
37.0, 14.0, 0.3968, 0.5927, 0.1636, 0.1965, -1.0, -1.0, -1.0, -1.0
37.0, 15.0, 0.2581, 0.5423, 0.007, 0.0743, -1.0, -1.0, -1.0, -1.0
38.0, 2.0, 0.8322, 0.2195, 0.0214, 0.1369, -1.0, -1.0, -1.0, -1.0
38.0, 3.0, 0.0778, 0.4075, 0.0122, 0.067, -1.0, -1.0, -1.0, -1.0
38.0, 4.0, 0.3471, 0.1993, 0.0233, 0.1546, -1.0, -1.0, -1.0, -1.0
38.0, 5.0, 0.2736, 0.1969, 0.0235, 0.1484, -1.0, -1.0, -1.0, -1.0
38.0, 6.0, 0.3112, 0.1648, 0.0262, 0.2453, -1.0, -1.0, -1.0, -1.0
38.0, 8.0, 0.8698, 0.1812, 0.0317, 0.2057, -1.0, -1.0, -1.0, -1.0
38.0, 12.0, 0.0099, 0.7387, 0.0549, 0.5145, -1.0, -1.0, -1.0, -1.0
38.0, 13.0, 0.7671, 0.5365, 0.123, 0.1536, -1.0, -1.0, -1.0, -1.0
38.0, 14.0, 0.4347, 0.5873, 0.1619, 0.1892, -1.0, -1.0, -1.0, -1.0
38.0, 15.0, 0.2578, 0.5443, 0.0107, 0.0757, -1.0, -1.0, -1.0, -1.0
39.0, 2.0, 0.8329, 0.2194, 0.02, 0.1365, -1.0, -1.0, -1.0, -1.0
39.0, 3.0, 0.0776, 0.405, 0.0126, 0.0671, -1.0, -1.0, -1.0, -1.0
39.0, 4.0, 0.3472, 0.1993, 0.0232, 0.1546, -1.0, -1.0, -1.0, -1.0
39.0, 5.0, 0.2739, 0.1982, 0.0234, 0.1457, -1.0, -1.0, -1.0, -1.0
39.0, 6.0, 0.3108, 0.1649, 0.0261, 0.2507, -1.0, -1.0, -1.0, -1.0
39.0, 8.0, 0.8699, 0.1772, 0.0317, 0.2083, -1.0, -1.0, -1.0, -1.0
39.0, 12.0, 0.0005, 0.7763, 0.0315, 0.4204, -1.0, -1.0, -1.0, -1.0
39.0, 13.0, 0.8099, 0.5338, 0.1294, 0.1569, -1.0, -1.0, -1.0, -1.0
39.0, 14.0, 0.478, 0.5884, 0.1657, 0.1881, -1.0, -1.0, -1.0, -1.0
39.0, 15.0, 0.2584, 0.5436, 0.0095, 0.0754, -1.0, -1.0, -1.0, -1.0
39.0, 16.0, 0.0209, 0.6104, 0.0466, 0.1281, -1.0, -1.0, -1.0, -1.0
40.0, 2.0, 0.8328, 0.2205, 0.0197, 0.1337, -1.0, -1.0, -1.0, -1.0
40.0, 3.0, 0.0777, 0.4048, 0.0123, 0.067, -1.0, -1.0, -1.0, -1.0
40.0, 4.0, 0.3472, 0.1993, 0.0232, 0.1546, -1.0, -1.0, -1.0, -1.0
40.0, 5.0, 0.2736, 0.197, 0.0238, 0.1485, -1.0, -1.0, -1.0, -1.0
40.0, 6.0, 0.311, 0.1635, 0.0261, 0.2479, -1.0, -1.0, -1.0, -1.0
40.0, 8.0, 0.8698, 0.1785, 0.0317, 0.2056, -1.0, -1.0, -1.0, -1.0
40.0, 12.0, -0.0139, 0.7851, 0.0378, 0.4127, -1.0, -1.0, -1.0, -1.0
40.0, 13.0, 0.8523, 0.5336, 0.1345, 0.1613, -1.0, -1.0, -1.0, -1.0
40.0, 14.0, 0.5244, 0.5833, 0.1656, 0.1932, -1.0, -1.0, -1.0, -1.0
40.0, 15.0, 0.2583, 0.544, 0.0102, 0.0754, -1.0, -1.0, -1.0, -1.0
40.0, 16.0, 0.0411, 0.5981, 0.072, 0.1617, -1.0, -1.0, -1.0, -1.0
41.0, 2.0, 0.8324, 0.2206, 0.0205, 0.1337, -1.0, -1.0, -1.0, -1.0
41.0, 3.0, 0.0783, 0.4046, 0.0112, 0.0616, -1.0, -1.0, -1.0, -1.0
41.0, 4.0, 0.3472, 0.1978, 0.023, 0.1519, -1.0, -1.0, -1.0, -1.0
41.0, 5.0, 0.2743, 0.1969, 0.0243, 0.1484, -1.0, -1.0, -1.0, -1.0
41.0, 6.0, 0.3109, 0.1647, 0.0259, 0.2452, -1.0, -1.0, -1.0, -1.0
41.0, 8.0, 0.8697, 0.1785, 0.0318, 0.2057, -1.0, -1.0, -1.0, -1.0
41.0, 12.0, -0.0277, 0.7936, 0.0445, 0.4049, -1.0, -1.0, -1.0, -1.0
41.0, 13.0, 0.898, 0.528, 0.1411, 0.1676, -1.0, -1.0, -1.0, -1.0
41.0, 14.0, 0.5669, 0.5759, 0.1595, 0.1885, -1.0, -1.0, -1.0, -1.0
41.0, 15.0, 0.2583, 0.5437, 0.0096, 0.0754, -1.0, -1.0, -1.0, -1.0
41.0, 16.0, 0.0398, 0.6012, 0.1246, 0.1813, -1.0, -1.0, -1.0, -1.0
42.0, 2.0, 0.8326, 0.2193, 0.02, 0.1366, -1.0, -1.0, -1.0, -1.0
42.0, 3.0, 0.0779, 0.405, 0.0119, 0.0671, -1.0, -1.0, -1.0, -1.0
42.0, 4.0, 0.3468, 0.1979, 0.024, 0.152, -1.0, -1.0, -1.0, -1.0
42.0, 5.0, 0.2737, 0.1969, 0.0237, 0.1485, -1.0, -1.0, -1.0, -1.0
42.0, 6.0, 0.3107, 0.1647, 0.0258, 0.2452, -1.0, -1.0, -1.0, -1.0
42.0, 8.0, 0.8698, 0.1812, 0.0316, 0.2056, -1.0, -1.0, -1.0, -1.0
42.0, 12.0, -0.0415, 0.8019, 0.0507, 0.3966, -1.0, -1.0, -1.0, -1.0
42.0, 13.0, 0.942, 0.527, 0.1372, 0.1603, -1.0, -1.0, -1.0, -1.0
42.0, 14.0, 0.6112, 0.5704, 0.1657, 0.1857, -1.0, -1.0, -1.0, -1.0
42.0, 15.0, 0.2585, 0.5437, 0.0095, 0.0753, -1.0, -1.0, -1.0, -1.0
42.0, 16.0, 0.0527, 0.6016, 0.1464, 0.1622, -1.0, -1.0, -1.0, -1.0
43.0, 2.0, 0.8347, 0.2167, 0.0224, 0.1365, -1.0, -1.0, -1.0, -1.0
43.0, 3.0, 0.0783, 0.4045, 0.011, 0.0668, -1.0, -1.0, -1.0, -1.0
43.0, 4.0, 0.3468, 0.1993, 0.0243, 0.1548, -1.0, -1.0, -1.0, -1.0
43.0, 5.0, 0.274, 0.1954, 0.0242, 0.1456, -1.0, -1.0, -1.0, -1.0
43.0, 6.0, 0.3112, 0.1662, 0.0263, 0.2481, -1.0, -1.0, -1.0, -1.0
43.0, 8.0, 0.8698, 0.1812, 0.0317, 0.2056, -1.0, -1.0, -1.0, -1.0
43.0, 12.0, -0.0554, 0.8106, 0.0576, 0.3888, -1.0, -1.0, -1.0, -1.0
43.0, 13.0, 0.9655, 0.5191, 0.0987, 0.1504, -1.0, -1.0, -1.0, -1.0
43.0, 14.0, 0.6589, 0.5674, 0.1625, 0.1904, -1.0, -1.0, -1.0, -1.0
43.0, 15.0, 0.2582, 0.5438, 0.0098, 0.0754, -1.0, -1.0, -1.0, -1.0
43.0, 16.0, 0.0869, 0.5975, 0.1553, 0.1706, -1.0, -1.0, -1.0, -1.0
43.0, 17.0, 0.9822, 0.5124, 0.0427, 0.1346, -1.0, -1.0, -1.0, -1.0
44.0, 2.0, 0.832, 0.2209, 0.0214, 0.1396, -1.0, -1.0, -1.0, -1.0
44.0, 3.0, 0.0778, 0.4047, 0.0106, 0.0669, -1.0, -1.0, -1.0, -1.0
44.0, 4.0, 0.3471, 0.1993, 0.0251, 0.1548, -1.0, -1.0, -1.0, -1.0
44.0, 5.0, 0.2742, 0.1969, 0.0244, 0.1484, -1.0, -1.0, -1.0, -1.0
44.0, 6.0, 0.3111, 0.1662, 0.0263, 0.248, -1.0, -1.0, -1.0, -1.0
44.0, 8.0, 0.8694, 0.1812, 0.0324, 0.2056, -1.0, -1.0, -1.0, -1.0
44.0, 12.0, -0.0693, 0.8196, 0.0651, 0.3811, -1.0, -1.0, -1.0, -1.0
44.0, 13.0, 0.9768, 0.5228, 0.1071, 0.1548, -1.0, -1.0, -1.0, -1.0
44.0, 14.0, 0.7008, 0.5676, 0.1613, 0.176, -1.0, -1.0, -1.0, -1.0
44.0, 15.0, 0.2583, 0.5437, 0.0097, 0.0754, -1.0, -1.0, -1.0, -1.0
44.0, 16.0, 0.1232, 0.5941, 0.1551, 0.1782, -1.0, -1.0, -1.0, -1.0
44.0, 17.0, 0.9875, 0.5124, 0.0479, 0.1475, -1.0, -1.0, -1.0, -1.0
44.0, 18.0, 0.2355, 0.5516, 0.0174, 0.0871, -1.0, -1.0, -1.0, -1.0
45.0, 2.0, 0.8326, 0.2205, 0.0194, 0.1336, -1.0, -1.0, -1.0, -1.0
45.0, 3.0, 0.0776, 0.4074, 0.0122, 0.067, -1.0, -1.0, -1.0, -1.0
45.0, 4.0, 0.3471, 0.1993, 0.0233, 0.1547, -1.0, -1.0, -1.0, -1.0
45.0, 5.0, 0.2739, 0.1956, 0.0247, 0.1512, -1.0, -1.0, -1.0, -1.0
45.0, 6.0, 0.3118, 0.165, 0.0275, 0.2509, -1.0, -1.0, -1.0, -1.0
45.0, 8.0, 0.8697, 0.1812, 0.0318, 0.2057, -1.0, -1.0, -1.0, -1.0
45.0, 12.0, -0.0831, 0.8284, 0.0723, 0.3733, -1.0, -1.0, -1.0, -1.0
45.0, 13.0, 0.9867, 0.5262, 0.1155, 0.1596, -1.0, -1.0, -1.0, -1.0
45.0, 14.0, 0.7476, 0.5651, 0.1645, 0.1766, -1.0, -1.0, -1.0, -1.0
45.0, 15.0, 0.2605, 0.5402, 0.0037, 0.0703, -1.0, -1.0, -1.0, -1.0
45.0, 16.0, 0.1748, 0.588, 0.1581, 0.1779, -1.0, -1.0, -1.0, -1.0
45.0, 17.0, 0.993, 0.5149, 0.0541, 0.1495, -1.0, -1.0, -1.0, -1.0
45.0, 18.0, 0.2452, 0.5486, 0.0125, 0.0804, -1.0, -1.0, -1.0, -1.0
46.0, 2.0, 0.8327, 0.2196, 0.0203, 0.1366, -1.0, -1.0, -1.0, -1.0
46.0, 3.0, 0.0776, 0.4061, 0.0123, 0.0697, -1.0, -1.0, -1.0, -1.0
46.0, 4.0, 0.3467, 0.2007, 0.0244, 0.1575, -1.0, -1.0, -1.0, -1.0
46.0, 5.0, 0.274, 0.1955, 0.0244, 0.151, -1.0, -1.0, -1.0, -1.0
46.0, 6.0, 0.311, 0.1649, 0.0264, 0.2507, -1.0, -1.0, -1.0, -1.0
46.0, 8.0, 0.8698, 0.1785, 0.0317, 0.2057, -1.0, -1.0, -1.0, -1.0
46.0, 13.0, 0.9954, 0.5299, 0.1242, 0.1643, -1.0, -1.0, -1.0, -1.0
46.0, 14.0, 0.7924, 0.561, 0.166, 0.1848, -1.0, -1.0, -1.0, -1.0
46.0, 15.0, 0.2628, 0.5366, -0.0022, 0.0652, -1.0, -1.0, -1.0, -1.0
46.0, 16.0, 0.2128, 0.5823, 0.145, 0.1738, -1.0, -1.0, -1.0, -1.0
46.0, 17.0, 1.0042, 0.5155, 0.0572, 0.1493, -1.0, -1.0, -1.0, -1.0
46.0, 18.0, 0.2524, 0.5477, 0.0124, 0.076, -1.0, -1.0, -1.0, -1.0
47.0, 2.0, 0.8322, 0.2194, 0.0208, 0.1366, -1.0, -1.0, -1.0, -1.0
47.0, 3.0, 0.0778, 0.4058, 0.0119, 0.0642, -1.0, -1.0, -1.0, -1.0
47.0, 4.0, 0.3467, 0.1992, 0.024, 0.1546, -1.0, -1.0, -1.0, -1.0
47.0, 5.0, 0.274, 0.1955, 0.0243, 0.151, -1.0, -1.0, -1.0, -1.0
47.0, 6.0, 0.3112, 0.1649, 0.0266, 0.2508, -1.0, -1.0, -1.0, -1.0
47.0, 8.0, 0.8693, 0.1785, 0.0309, 0.2057, -1.0, -1.0, -1.0, -1.0
47.0, 13.0, 1.0033, 0.5332, 0.1322, 0.1686, -1.0, -1.0, -1.0, -1.0
47.0, 14.0, 0.8359, 0.5605, 0.175, 0.1841, -1.0, -1.0, -1.0, -1.0
47.0, 15.0, 0.2655, 0.5326, -0.0087, 0.06, -1.0, -1.0, -1.0, -1.0
47.0, 16.0, 0.2367, 0.5752, 0.1052, 0.1631, -1.0, -1.0, -1.0, -1.0
47.0, 17.0, 1.0144, 0.5155, 0.0594, 0.1484, -1.0, -1.0, -1.0, -1.0
47.0, 18.0, 0.2532, 0.5507, 0.0193, 0.0767, -1.0, -1.0, -1.0, -1.0
48.0, 2.0, 0.8347, 0.2167, 0.0214, 0.1364, -1.0, -1.0, -1.0, -1.0
48.0, 3.0, 0.0775, 0.4076, 0.0126, 0.0671, -1.0, -1.0, -1.0, -1.0
48.0, 4.0, 0.3466, 0.2007, 0.0246, 0.1576, -1.0, -1.0, -1.0, -1.0
48.0, 5.0, 0.2736, 0.1967, 0.0232, 0.1481, -1.0, -1.0, -1.0, -1.0
48.0, 6.0, 0.3107, 0.1648, 0.0261, 0.2507, -1.0, -1.0, -1.0, -1.0
48.0, 8.0, 0.8698, 0.1799, 0.0317, 0.2083, -1.0, -1.0, -1.0, -1.0
48.0, 13.0, 1.0113, 0.5358, 0.1388, 0.1721, -1.0, -1.0, -1.0, -1.0
48.0, 14.0, 0.8798, 0.559, 0.1834, 0.1898, -1.0, -1.0, -1.0, -1.0
48.0, 15.0, 0.2684, 0.5286, -0.0153, 0.0549, -1.0, -1.0, -1.0, -1.0
48.0, 16.0, 0.2809, 0.5753, 0.1416, 0.1717, -1.0, -1.0, -1.0, -1.0
48.0, 17.0, 1.0275, 0.5155, 0.0605, 0.1472, -1.0, -1.0, -1.0, -1.0
48.0, 18.0, 0.2532, 0.553, 0.0247, 0.0762, -1.0, -1.0, -1.0, -1.0
48.0, 19.0, 0.3328, 0.5871, 0.0633, 0.1324, -1.0, -1.0, -1.0, -1.0
49.0, 2.0, 0.8342, 0.2168, 0.0218, 0.1367, -1.0, -1.0, -1.0, -1.0
49.0, 3.0, 0.0777, 0.4046, 0.012, 0.0669, -1.0, -1.0, -1.0, -1.0
49.0, 4.0, 0.3467, 0.2004, 0.0221, 0.1518, -1.0, -1.0, -1.0, -1.0
49.0, 5.0, 0.2737, 0.198, 0.0233, 0.1455, -1.0, -1.0, -1.0, -1.0
49.0, 6.0, 0.311, 0.1662, 0.0262, 0.248, -1.0, -1.0, -1.0, -1.0
49.0, 8.0, 0.8699, 0.1772, 0.0318, 0.2083, -1.0, -1.0, -1.0, -1.0
49.0, 13.0, 1.0201, 0.538, 0.1447, 0.1752, -1.0, -1.0, -1.0, -1.0
49.0, 14.0, 0.9225, 0.5559, 0.1876, 0.1993, -1.0, -1.0, -1.0, -1.0
49.0, 15.0, 0.2717, 0.5243, -0.0224, 0.0496, -1.0, -1.0, -1.0, -1.0
49.0, 16.0, 0.2783, 0.586, 0.1582, 0.177, -1.0, -1.0, -1.0, -1.0
49.0, 17.0, 1.0401, 0.515, 0.0609, 0.1456, -1.0, -1.0, -1.0, -1.0
49.0, 18.0, 0.2513, 0.5559, 0.0312, 0.0762, -1.0, -1.0, -1.0, -1.0
49.0, 19.0, 0.3311, 0.5644, 0.137, 0.1753, -1.0, -1.0, -1.0, -1.0
50.0, 2.0, 0.8328, 0.2205, 0.0193, 0.1335, -1.0, -1.0, -1.0, -1.0
50.0, 3.0, 0.0777, 0.406, 0.0122, 0.0643, -1.0, -1.0, -1.0, -1.0
50.0, 4.0, 0.3467, 0.2008, 0.0247, 0.1577, -1.0, -1.0, -1.0, -1.0
50.0, 5.0, 0.2737, 0.1968, 0.0237, 0.1484, -1.0, -1.0, -1.0, -1.0
50.0, 6.0, 0.3114, 0.1649, 0.0272, 0.2508, -1.0, -1.0, -1.0, -1.0
50.0, 8.0, 0.8697, 0.1812, 0.0318, 0.2057, -1.0, -1.0, -1.0, -1.0
50.0, 14.0, 0.9485, 0.5502, 0.1406, 0.1906, -1.0, -1.0, -1.0, -1.0
50.0, 15.0, 0.2753, 0.5198, -0.0298, 0.0443, -1.0, -1.0, -1.0, -1.0
50.0, 16.0, 0.2756, 0.5984, 0.1792, 0.1854, -1.0, -1.0, -1.0, -1.0
50.0, 17.0, 1.0507, 0.5135, 0.0603, 0.1435, -1.0, -1.0, -1.0, -1.0
50.0, 18.0, 0.2577, 0.5453, 0.017, 0.0797, -1.0, -1.0, -1.0, -1.0
50.0, 19.0, 0.3499, 0.566, 0.1678, 0.2473, -1.0, -1.0, -1.0, -1.0
51.0, 2.0, 0.8321, 0.2196, 0.0213, 0.1368, -1.0, -1.0, -1.0, -1.0
51.0, 3.0, 0.0776, 0.4048, 0.0124, 0.0671, -1.0, -1.0, -1.0, -1.0
51.0, 4.0, 0.3467, 0.1992, 0.0238, 0.1545, -1.0, -1.0, -1.0, -1.0
51.0, 5.0, 0.2738, 0.1954, 0.0232, 0.1455, -1.0, -1.0, -1.0, -1.0
51.0, 6.0, 0.3115, 0.1649, 0.0273, 0.2508, -1.0, -1.0, -1.0, -1.0
51.0, 8.0, 0.8698, 0.1785, 0.0318, 0.2057, -1.0, -1.0, -1.0, -1.0
51.0, 14.0, 0.968, 0.5495, 0.0979, 0.1907, -1.0, -1.0, -1.0, -1.0
51.0, 16.0, 0.277, 0.6121, 0.2012, 0.193, -1.0, -1.0, -1.0, -1.0
51.0, 17.0, 1.065, 0.5102, 0.0547, 0.1378, -1.0, -1.0, -1.0, -1.0
51.0, 19.0, 0.4043, 0.5527, 0.1307, 0.1593, -1.0, -1.0, -1.0, -1.0
52.0, 2.0, 0.8331, 0.2205, 0.0202, 0.1336, -1.0, -1.0, -1.0, -1.0
52.0, 3.0, 0.0778, 0.4046, 0.012, 0.0669, -1.0, -1.0, -1.0, -1.0
52.0, 4.0, 0.3468, 0.1993, 0.0243, 0.1548, -1.0, -1.0, -1.0, -1.0
52.0, 5.0, 0.2746, 0.1956, 0.0236, 0.1458, -1.0, -1.0, -1.0, -1.0
52.0, 6.0, 0.3115, 0.1648, 0.027, 0.2453, -1.0, -1.0, -1.0, -1.0
52.0, 8.0, 0.8698, 0.1772, 0.0318, 0.2084, -1.0, -1.0, -1.0, -1.0
52.0, 14.0, 0.9898, 0.5384, 0.0497, 0.1709, -1.0, -1.0, -1.0, -1.0
52.0, 16.0, 0.258, 0.5468, 0.0161, 0.0811, -1.0, -1.0, -1.0, -1.0
52.0, 19.0, 0.4386, 0.558, 0.1549, 0.179, -1.0, -1.0, -1.0, -1.0
53.0, 2.0, 0.8344, 0.2169, 0.0219, 0.1367, -1.0, -1.0, -1.0, -1.0
53.0, 3.0, 0.0777, 0.4048, 0.0124, 0.067, -1.0, -1.0, -1.0, -1.0
53.0, 4.0, 0.3468, 0.1978, 0.0236, 0.1517, -1.0, -1.0, -1.0, -1.0
53.0, 5.0, 0.2746, 0.197, 0.0237, 0.1485, -1.0, -1.0, -1.0, -1.0
53.0, 6.0, 0.3113, 0.1662, 0.027, 0.248, -1.0, -1.0, -1.0, -1.0
53.0, 8.0, 0.8697, 0.1812, 0.0318, 0.2057, -1.0, -1.0, -1.0, -1.0
53.0, 14.0, 1.0019, 0.5399, 0.0546, 0.1735, -1.0, -1.0, -1.0, -1.0
53.0, 16.0, 0.2634, 0.5411, 0.0083, 0.0763, -1.0, -1.0, -1.0, -1.0
53.0, 19.0, 0.4879, 0.5464, 0.1305, 0.1668, -1.0, -1.0, -1.0, -1.0
54.0, 2.0, 0.8324, 0.2194, 0.0216, 0.1366, -1.0, -1.0, -1.0, -1.0
54.0, 3.0, 0.0777, 0.4074, 0.0122, 0.067, -1.0, -1.0, -1.0, -1.0
54.0, 4.0, 0.3469, 0.1994, 0.0259, 0.1548, -1.0, -1.0, -1.0, -1.0
54.0, 5.0, 0.2748, 0.1969, 0.0236, 0.1484, -1.0, -1.0, -1.0, -1.0
54.0, 6.0, 0.3108, 0.1661, 0.0259, 0.2479, -1.0, -1.0, -1.0, -1.0
54.0, 8.0, 0.8697, 0.1812, 0.0318, 0.2057, -1.0, -1.0, -1.0, -1.0
54.0, 14.0, 1.0116, 0.542, 0.0616, 0.1784, -1.0, -1.0, -1.0, -1.0
54.0, 16.0, 0.2592, 0.5426, 0.0105, 0.0791, -1.0, -1.0, -1.0, -1.0
54.0, 19.0, 0.5319, 0.5477, 0.1345, 0.1642, -1.0, -1.0, -1.0, -1.0
55.0, 2.0, 0.8328, 0.2194, 0.0215, 0.1365, -1.0, -1.0, -1.0, -1.0
55.0, 3.0, 0.0777, 0.406, 0.0122, 0.0643, -1.0, -1.0, -1.0, -1.0
55.0, 4.0, 0.3463, 0.1993, 0.0249, 0.1547, -1.0, -1.0, -1.0, -1.0
55.0, 5.0, 0.2744, 0.1969, 0.0237, 0.1485, -1.0, -1.0, -1.0, -1.0
55.0, 6.0, 0.3113, 0.1662, 0.0269, 0.248, -1.0, -1.0, -1.0, -1.0
55.0, 8.0, 0.8694, 0.1812, 0.0325, 0.2057, -1.0, -1.0, -1.0, -1.0
55.0, 14.0, 1.0198, 0.5455, 0.071, 0.1852, -1.0, -1.0, -1.0, -1.0
55.0, 16.0, 0.2638, 0.5413, 0.0074, 0.0763, -1.0, -1.0, -1.0, -1.0
55.0, 19.0, 0.5698, 0.5379, 0.1226, 0.1572, -1.0, -1.0, -1.0, -1.0
56.0, 2.0, 0.8344, 0.2169, 0.0229, 0.1369, -1.0, -1.0, -1.0, -1.0
56.0, 3.0, 0.0776, 0.4048, 0.0124, 0.067, -1.0, -1.0, -1.0, -1.0
56.0, 4.0, 0.3462, 0.2008, 0.0253, 0.1575, -1.0, -1.0, -1.0, -1.0
56.0, 5.0, 0.2746, 0.1953, 0.0232, 0.1455, -1.0, -1.0, -1.0, -1.0
56.0, 6.0, 0.3111, 0.1661, 0.0268, 0.248, -1.0, -1.0, -1.0, -1.0
56.0, 8.0, 0.8694, 0.1812, 0.0325, 0.2056, -1.0, -1.0, -1.0, -1.0
56.0, 14.0, 1.0289, 0.5498, 0.0829, 0.1941, -1.0, -1.0, -1.0, -1.0
56.0, 16.0, 0.2601, 0.5417, 0.0076, 0.0777, -1.0, -1.0, -1.0, -1.0
56.0, 19.0, 0.6113, 0.5317, 0.1295, 0.155, -1.0, -1.0, -1.0, -1.0
57.0, 2.0, 0.8346, 0.2167, 0.0213, 0.1363, -1.0, -1.0, -1.0, -1.0
57.0, 3.0, 0.0778, 0.4046, 0.0121, 0.0669, -1.0, -1.0, -1.0, -1.0
57.0, 4.0, 0.3463, 0.2006, 0.0248, 0.1573, -1.0, -1.0, -1.0, -1.0
57.0, 5.0, 0.2741, 0.1969, 0.0246, 0.1485, -1.0, -1.0, -1.0, -1.0
57.0, 6.0, 0.3115, 0.1662, 0.0272, 0.2481, -1.0, -1.0, -1.0, -1.0
57.0, 8.0, 0.8698, 0.1812, 0.0316, 0.2056, -1.0, -1.0, -1.0, -1.0
57.0, 14.0, 1.0413, 0.5526, 0.0928, 0.2021, -1.0, -1.0, -1.0, -1.0
57.0, 16.0, 0.2613, 0.5412, 0.0077, 0.0768, -1.0, -1.0, -1.0, -1.0
57.0, 19.0, 0.6501, 0.5365, 0.1318, 0.1627, -1.0, -1.0, -1.0, -1.0
58.0, 2.0, 0.8349, 0.2168, 0.0226, 0.1366, -1.0, -1.0, -1.0, -1.0
58.0, 3.0, 0.0777, 0.406, 0.0122, 0.0643, -1.0, -1.0, -1.0, -1.0
58.0, 4.0, 0.3462, 0.1993, 0.0266, 0.1547, -1.0, -1.0, -1.0, -1.0
58.0, 5.0, 0.274, 0.1968, 0.0244, 0.1484, -1.0, -1.0, -1.0, -1.0
58.0, 6.0, 0.3113, 0.1661, 0.0269, 0.248, -1.0, -1.0, -1.0, -1.0
58.0, 8.0, 0.8694, 0.1812, 0.0325, 0.2056, -1.0, -1.0, -1.0, -1.0
58.0, 14.0, 1.0551, 0.5544, 0.101, 0.2097, -1.0, -1.0, -1.0, -1.0
58.0, 16.0, 0.2592, 0.542, 0.009, 0.0775, -1.0, -1.0, -1.0, -1.0
58.0, 19.0, 0.6899, 0.5319, 0.1411, 0.1547, -1.0, -1.0, -1.0, -1.0
59.0, 2.0, 0.8328, 0.2194, 0.0199, 0.1365, -1.0, -1.0, -1.0, -1.0
59.0, 3.0, 0.0776, 0.4048, 0.0124, 0.0671, -1.0, -1.0, -1.0, -1.0
59.0, 4.0, 0.3459, 0.1992, 0.0256, 0.1546, -1.0, -1.0, -1.0, -1.0
59.0, 5.0, 0.2745, 0.1954, 0.0233, 0.1456, -1.0, -1.0, -1.0, -1.0
59.0, 6.0, 0.3113, 0.1661, 0.0269, 0.248, -1.0, -1.0, -1.0, -1.0
59.0, 8.0, 0.8698, 0.1812, 0.0318, 0.2057, -1.0, -1.0, -1.0, -1.0
59.0, 16.0, 0.2593, 0.5413, 0.0071, 0.0771, -1.0, -1.0, -1.0, -1.0
59.0, 19.0, 0.7292, 0.528, 0.142, 0.1626, -1.0, -1.0, -1.0, -1.0
60.0, 2.0, 0.8332, 0.2207, 0.0206, 0.1338, -1.0, -1.0, -1.0, -1.0
60.0, 3.0, 0.0778, 0.4046, 0.012, 0.0669, -1.0, -1.0, -1.0, -1.0
60.0, 4.0, 0.3467, 0.1992, 0.0257, 0.1547, -1.0, -1.0, -1.0, -1.0
60.0, 5.0, 0.2741, 0.1955, 0.0243, 0.1457, -1.0, -1.0, -1.0, -1.0
60.0, 6.0, 0.3112, 0.1661, 0.0268, 0.248, -1.0, -1.0, -1.0, -1.0
60.0, 8.0, 0.8694, 0.1812, 0.0325, 0.2057, -1.0, -1.0, -1.0, -1.0
60.0, 16.0, 0.2578, 0.5426, 0.0102, 0.0782, -1.0, -1.0, -1.0, -1.0
60.0, 19.0, 0.771, 0.5277, 0.154, 0.1765, -1.0, -1.0, -1.0, -1.0
61.0, 2.0, 0.8327, 0.2207, 0.0199, 0.1338, -1.0, -1.0, -1.0, -1.0
61.0, 3.0, 0.0777, 0.4048, 0.0123, 0.067, -1.0, -1.0, -1.0, -1.0
61.0, 4.0, 0.3467, 0.1993, 0.0257, 0.1547, -1.0, -1.0, -1.0, -1.0
61.0, 5.0, 0.2746, 0.1981, 0.0235, 0.1457, -1.0, -1.0, -1.0, -1.0
61.0, 6.0, 0.3114, 0.1662, 0.0271, 0.248, -1.0, -1.0, -1.0, -1.0
61.0, 8.0, 0.8699, 0.1812, 0.0317, 0.2056, -1.0, -1.0, -1.0, -1.0
61.0, 16.0, 0.258, 0.5425, 0.009, 0.0781, -1.0, -1.0, -1.0, -1.0
61.0, 19.0, 0.8111, 0.5261, 0.1553, 0.1798, -1.0, -1.0, -1.0, -1.0
62.0, 2.0, 0.8324, 0.2206, 0.0204, 0.1336, -1.0, -1.0, -1.0, -1.0
62.0, 3.0, 0.0777, 0.406, 0.0121, 0.0643, -1.0, -1.0, -1.0, -1.0
62.0, 4.0, 0.3467, 0.1993, 0.024, 0.1546, -1.0, -1.0, -1.0, -1.0
62.0, 5.0, 0.2746, 0.1955, 0.0236, 0.1458, -1.0, -1.0, -1.0, -1.0
62.0, 6.0, 0.3113, 0.1662, 0.027, 0.248, -1.0, -1.0, -1.0, -1.0
62.0, 8.0, 0.8698, 0.1785, 0.0318, 0.2057, -1.0, -1.0, -1.0, -1.0
62.0, 16.0, 0.2579, 0.5426, 0.0092, 0.0781, -1.0, -1.0, -1.0, -1.0
62.0, 19.0, 0.8526, 0.5227, 0.1546, 0.1828, -1.0, -1.0, -1.0, -1.0
63.0, 2.0, 0.8338, 0.2179, 0.0206, 0.1338, -1.0, -1.0, -1.0, -1.0
63.0, 3.0, 0.0775, 0.4049, 0.0125, 0.0671, -1.0, -1.0, -1.0, -1.0
63.0, 4.0, 0.3469, 0.1992, 0.0239, 0.1546, -1.0, -1.0, -1.0, -1.0
63.0, 5.0, 0.2745, 0.1955, 0.0236, 0.1457, -1.0, -1.0, -1.0, -1.0
63.0, 6.0, 0.3114, 0.1662, 0.027, 0.248, -1.0, -1.0, -1.0, -1.0
63.0, 8.0, 0.8694, 0.1799, 0.0327, 0.2084, -1.0, -1.0, -1.0, -1.0
63.0, 16.0, 0.2583, 0.5426, 0.01, 0.0782, -1.0, -1.0, -1.0, -1.0
63.0, 19.0, 0.8943, 0.5176, 0.1578, 0.1826, -1.0, -1.0, -1.0, -1.0
64.0, 2.0, 0.8338, 0.2168, 0.0225, 0.1366, -1.0, -1.0, -1.0, -1.0
64.0, 3.0, 0.0778, 0.4046, 0.012, 0.0669, -1.0, -1.0, -1.0, -1.0
64.0, 4.0, 0.3468, 0.1993, 0.024, 0.1546, -1.0, -1.0, -1.0, -1.0
64.0, 5.0, 0.2746, 0.197, 0.0238, 0.1485, -1.0, -1.0, -1.0, -1.0
64.0, 6.0, 0.3113, 0.1662, 0.027, 0.248, -1.0, -1.0, -1.0, -1.0
64.0, 8.0, 0.8698, 0.1798, 0.0317, 0.203, -1.0, -1.0, -1.0, -1.0
64.0, 16.0, 0.258, 0.5425, 0.0091, 0.0781, -1.0, -1.0, -1.0, -1.0
64.0, 19.0, 0.9368, 0.5182, 0.1589, 0.1793, -1.0, -1.0, -1.0, -1.0
65.0, 2.0, 0.8325, 0.2205, 0.0194, 0.1335, -1.0, -1.0, -1.0, -1.0
65.0, 3.0, 0.0777, 0.4048, 0.0123, 0.067, -1.0, -1.0, -1.0, -1.0
65.0, 4.0, 0.3464, 0.1993, 0.0248, 0.1546, -1.0, -1.0, -1.0, -1.0
65.0, 5.0, 0.274, 0.1969, 0.0245, 0.1485, -1.0, -1.0, -1.0, -1.0
65.0, 6.0, 0.3113, 0.1649, 0.0271, 0.2507, -1.0, -1.0, -1.0, -1.0
65.0, 8.0, 0.8693, 0.1812, 0.0326, 0.2058, -1.0, -1.0, -1.0, -1.0
65.0, 16.0, 0.2582, 0.5427, 0.0101, 0.0782, -1.0, -1.0, -1.0, -1.0
65.0, 19.0, 0.9597, 0.5111, 0.1204, 0.1778, -1.0, -1.0, -1.0, -1.0
66.0, 2.0, 0.8323, 0.2195, 0.0209, 0.1365, -1.0, -1.0, -1.0, -1.0
66.0, 3.0, 0.0777, 0.4047, 0.0122, 0.067, -1.0, -1.0, -1.0, -1.0
66.0, 4.0, 0.3468, 0.1993, 0.0256, 0.1546, -1.0, -1.0, -1.0, -1.0
66.0, 5.0, 0.2746, 0.1954, 0.0233, 0.1455, -1.0, -1.0, -1.0, -1.0
66.0, 6.0, 0.3109, 0.1661, 0.0261, 0.2479, -1.0, -1.0, -1.0, -1.0
66.0, 8.0, 0.8695, 0.1812, 0.0326, 0.2057, -1.0, -1.0, -1.0, -1.0
66.0, 16.0, 0.258, 0.5425, 0.009, 0.0781, -1.0, -1.0, -1.0, -1.0
66.0, 19.0, 0.979, 0.508, 0.0811, 0.1829, -1.0, -1.0, -1.0, -1.0
67.0, 2.0, 0.8325, 0.2205, 0.0211, 0.1337, -1.0, -1.0, -1.0, -1.0
67.0, 3.0, 0.0777, 0.4048, 0.0123, 0.067, -1.0, -1.0, -1.0, -1.0
67.0, 4.0, 0.3463, 0.2007, 0.025, 0.1574, -1.0, -1.0, -1.0, -1.0
67.0, 5.0, 0.274, 0.1969, 0.0247, 0.1485, -1.0, -1.0, -1.0, -1.0
67.0, 6.0, 0.311, 0.1662, 0.0262, 0.248, -1.0, -1.0, -1.0, -1.0
67.0, 8.0, 0.8698, 0.1812, 0.0318, 0.2057, -1.0, -1.0, -1.0, -1.0
67.0, 16.0, 0.2584, 0.5426, 0.0083, 0.0781, -1.0, -1.0, -1.0, -1.0
67.0, 19.0, 0.9988, 0.4895, 0.0379, 0.1688, -1.0, -1.0, -1.0, -1.0
68.0, 2.0, 0.8346, 0.2169, 0.0232, 0.1365, -1.0, -1.0, -1.0, -1.0
68.0, 3.0, 0.0777, 0.4048, 0.0123, 0.067, -1.0, -1.0, -1.0, -1.0
68.0, 4.0, 0.3468, 0.1992, 0.0255, 0.1545, -1.0, -1.0, -1.0, -1.0
68.0, 5.0, 0.2745, 0.1967, 0.0234, 0.1483, -1.0, -1.0, -1.0, -1.0
68.0, 6.0, 0.3112, 0.1649, 0.027, 0.2507, -1.0, -1.0, -1.0, -1.0
68.0, 8.0, 0.8698, 0.1812, 0.0318, 0.2057, -1.0, -1.0, -1.0, -1.0
68.0, 16.0, 0.2582, 0.5427, 0.0101, 0.0782, -1.0, -1.0, -1.0, -1.0
68.0, 19.0, 1.0119, 0.4906, 0.0422, 0.172, -1.0, -1.0, -1.0, -1.0
69.0, 2.0, 0.8341, 0.2168, 0.0234, 0.1367, -1.0, -1.0, -1.0, -1.0
69.0, 3.0, 0.0777, 0.4047, 0.0123, 0.067, -1.0, -1.0, -1.0, -1.0
69.0, 4.0, 0.3468, 0.1993, 0.0257, 0.1546, -1.0, -1.0, -1.0, -1.0
69.0, 5.0, 0.2745, 0.1966, 0.0232, 0.1428, -1.0, -1.0, -1.0, -1.0
69.0, 6.0, 0.3114, 0.1662, 0.027, 0.248, -1.0, -1.0, -1.0, -1.0
69.0, 8.0, 0.8698, 0.1812, 0.0318, 0.2057, -1.0, -1.0, -1.0, -1.0
69.0, 16.0, 0.2584, 0.5426, 0.0099, 0.0781, -1.0, -1.0, -1.0, -1.0
69.0, 19.0, 1.023, 0.4917, 0.0471, 0.1757, -1.0, -1.0, -1.0, -1.0
70.0, 2.0, 0.835, 0.2168, 0.0221, 0.1363, -1.0, -1.0, -1.0, -1.0
70.0, 3.0, 0.0776, 0.4062, 0.0124, 0.0697, -1.0, -1.0, -1.0, -1.0
70.0, 4.0, 0.3464, 0.1992, 0.0247, 0.1546, -1.0, -1.0, -1.0, -1.0
70.0, 5.0, 0.274, 0.197, 0.0248, 0.1486, -1.0, -1.0, -1.0, -1.0
70.0, 6.0, 0.3109, 0.1661, 0.0261, 0.248, -1.0, -1.0, -1.0, -1.0
70.0, 8.0, 0.8694, 0.1812, 0.0326, 0.2057, -1.0, -1.0, -1.0, -1.0
70.0, 16.0, 0.2583, 0.5427, 0.0101, 0.0782, -1.0, -1.0, -1.0, -1.0
70.0, 19.0, 1.032, 0.4938, 0.0537, 0.1804, -1.0, -1.0, -1.0, -1.0
71.0, 2.0, 0.8345, 0.2169, 0.0229, 0.1369, -1.0, -1.0, -1.0, -1.0
71.0, 3.0, 0.0778, 0.4047, 0.0121, 0.0669, -1.0, -1.0, -1.0, -1.0
71.0, 4.0, 0.3468, 0.1993, 0.0258, 0.1547, -1.0, -1.0, -1.0, -1.0
71.0, 5.0, 0.2746, 0.1953, 0.0231, 0.1455, -1.0, -1.0, -1.0, -1.0
71.0, 6.0, 0.3109, 0.1662, 0.0261, 0.248, -1.0, -1.0, -1.0, -1.0
71.0, 8.0, 0.8698, 0.1812, 0.0317, 0.2057, -1.0, -1.0, -1.0, -1.0
71.0, 16.0, 0.2584, 0.5438, 0.0097, 0.0754, -1.0, -1.0, -1.0, -1.0
71.0, 19.0, 1.0404, 0.4968, 0.0622, 0.1863, -1.0, -1.0, -1.0, -1.0
72.0, 2.0, 0.8351, 0.2168, 0.0222, 0.1364, -1.0, -1.0, -1.0, -1.0
72.0, 3.0, 0.0776, 0.4049, 0.0125, 0.067, -1.0, -1.0, -1.0, -1.0
72.0, 4.0, 0.3459, 0.1993, 0.0257, 0.1547, -1.0, -1.0, -1.0, -1.0
72.0, 5.0, 0.2746, 0.1956, 0.0238, 0.1458, -1.0, -1.0, -1.0, -1.0
72.0, 6.0, 0.311, 0.1662, 0.0262, 0.248, -1.0, -1.0, -1.0, -1.0
72.0, 8.0, 0.8698, 0.1812, 0.0318, 0.2057, -1.0, -1.0, -1.0, -1.0
72.0, 16.0, 0.2583, 0.5426, 0.0084, 0.0781, -1.0, -1.0, -1.0, -1.0
72.0, 19.0, 1.0497, 0.5001, 0.0716, 0.1934, -1.0, -1.0, -1.0, -1.0
73.0, 2.0, 0.8324, 0.2207, 0.0206, 0.1338, -1.0, -1.0, -1.0, -1.0
73.0, 3.0, 0.0777, 0.4048, 0.0123, 0.067, -1.0, -1.0, -1.0, -1.0
73.0, 4.0, 0.3463, 0.2007, 0.0251, 0.1574, -1.0, -1.0, -1.0, -1.0
73.0, 5.0, 0.2743, 0.1969, 0.0237, 0.1484, -1.0, -1.0, -1.0, -1.0
73.0, 6.0, 0.3108, 0.1661, 0.026, 0.2479, -1.0, -1.0, -1.0, -1.0
73.0, 8.0, 0.8694, 0.1812, 0.0327, 0.2058, -1.0, -1.0, -1.0, -1.0
73.0, 16.0, 0.2584, 0.5425, 0.0099, 0.0781, -1.0, -1.0, -1.0, -1.0
73.0, 19.0, 1.0618, 0.5025, 0.0798, 0.1999, -1.0, -1.0, -1.0, -1.0
74.0, 2.0, 0.8349, 0.2169, 0.0227, 0.1367, -1.0, -1.0, -1.0, -1.0
74.0, 3.0, 0.0777, 0.4061, 0.0122, 0.0643, -1.0, -1.0, -1.0, -1.0
74.0, 4.0, 0.3463, 0.2006, 0.0249, 0.1573, -1.0, -1.0, -1.0, -1.0
74.0, 5.0, 0.2748, 0.1968, 0.0234, 0.1483, -1.0, -1.0, -1.0, -1.0
74.0, 6.0, 0.3109, 0.1661, 0.0261, 0.248, -1.0, -1.0, -1.0, -1.0
74.0, 8.0, 0.8698, 0.1812, 0.0318, 0.2057, -1.0, -1.0, -1.0, -1.0
74.0, 16.0, 0.2582, 0.5427, 0.0102, 0.0782, -1.0, -1.0, -1.0, -1.0
75.0, 2.0, 0.8348, 0.2168, 0.0225, 0.1366, -1.0, -1.0, -1.0, -1.0
75.0, 3.0, 0.0775, 0.4063, 0.0127, 0.0698, -1.0, -1.0, -1.0, -1.0
75.0, 4.0, 0.3467, 0.1992, 0.0255, 0.1546, -1.0, -1.0, -1.0, -1.0
75.0, 5.0, 0.2739, 0.1969, 0.0247, 0.1485, -1.0, -1.0, -1.0, -1.0
75.0, 6.0, 0.311, 0.1662, 0.0263, 0.248, -1.0, -1.0, -1.0, -1.0
75.0, 8.0, 0.8698, 0.1812, 0.0318, 0.2057, -1.0, -1.0, -1.0, -1.0
75.0, 16.0, 0.2581, 0.5425, 0.0089, 0.078, -1.0, -1.0, -1.0, -1.0
76.0, 2.0, 0.8348, 0.2168, 0.0226, 0.1367, -1.0, -1.0, -1.0, -1.0
76.0, 3.0, 0.0779, 0.4045, 0.0119, 0.0668, -1.0, -1.0, -1.0, -1.0
76.0, 4.0, 0.3468, 0.2007, 0.0258, 0.1574, -1.0, -1.0, -1.0, -1.0
76.0, 5.0, 0.2745, 0.1953, 0.0231, 0.1454, -1.0, -1.0, -1.0, -1.0
76.0, 6.0, 0.3114, 0.1662, 0.027, 0.248, -1.0, -1.0, -1.0, -1.0
76.0, 8.0, 0.8698, 0.1812, 0.0318, 0.2057, -1.0, -1.0, -1.0, -1.0
76.0, 16.0, 0.2579, 0.5426, 0.0092, 0.0781, -1.0, -1.0, -1.0, -1.0
77.0, 2.0, 0.8326, 0.2207, 0.0216, 0.1339, -1.0, -1.0, -1.0, -1.0
77.0, 3.0, 0.0776, 0.4049, 0.0126, 0.067, -1.0, -1.0, -1.0, -1.0
77.0, 4.0, 0.3464, 0.1991, 0.0245, 0.1545, -1.0, -1.0, -1.0, -1.0
77.0, 5.0, 0.2746, 0.1954, 0.0235, 0.1456, -1.0, -1.0, -1.0, -1.0
77.0, 6.0, 0.3112, 0.1661, 0.0268, 0.248, -1.0, -1.0, -1.0, -1.0
77.0, 8.0, 0.8694, 0.1812, 0.0326, 0.2057, -1.0, -1.0, -1.0, -1.0
77.0, 16.0, 0.258, 0.5426, 0.0091, 0.0781, -1.0, -1.0, -1.0, -1.0
78.0, 2.0, 0.835, 0.2168, 0.0225, 0.1366, -1.0, -1.0, -1.0, -1.0
78.0, 3.0, 0.0777, 0.4047, 0.0122, 0.067, -1.0, -1.0, -1.0, -1.0
78.0, 4.0, 0.3463, 0.2007, 0.0268, 0.1575, -1.0, -1.0, -1.0, -1.0
78.0, 5.0, 0.2744, 0.1955, 0.0235, 0.1457, -1.0, -1.0, -1.0, -1.0
78.0, 6.0, 0.3114, 0.1648, 0.0269, 0.2453, -1.0, -1.0, -1.0, -1.0
78.0, 8.0, 0.8698, 0.1812, 0.0318, 0.2057, -1.0, -1.0, -1.0, -1.0
78.0, 16.0, 0.258, 0.5426, 0.0092, 0.0781, -1.0, -1.0, -1.0, -1.0
79.0, 2.0, 0.8343, 0.2168, 0.0235, 0.1367, -1.0, -1.0, -1.0, -1.0
79.0, 3.0, 0.0777, 0.4048, 0.0123, 0.067, -1.0, -1.0, -1.0, -1.0
79.0, 4.0, 0.3468, 0.1991, 0.0253, 0.1544, -1.0, -1.0, -1.0, -1.0
79.0, 5.0, 0.2746, 0.1967, 0.0233, 0.1429, -1.0, -1.0, -1.0, -1.0
79.0, 6.0, 0.311, 0.1662, 0.0263, 0.248, -1.0, -1.0, -1.0, -1.0
79.0, 8.0, 0.8698, 0.1812, 0.0318, 0.2057, -1.0, -1.0, -1.0, -1.0
79.0, 16.0, 0.2575, 0.5427, 0.0101, 0.0782, -1.0, -1.0, -1.0, -1.0
80.0, 2.0, 0.8351, 0.2168, 0.0224, 0.1365, -1.0, -1.0, -1.0, -1.0
80.0, 3.0, 0.0777, 0.4048, 0.0123, 0.067, -1.0, -1.0, -1.0, -1.0
80.0, 4.0, 0.3468, 0.1993, 0.0257, 0.1546, -1.0, -1.0, -1.0, -1.0
80.0, 5.0, 0.2746, 0.1956, 0.0238, 0.1458, -1.0, -1.0, -1.0, -1.0
80.0, 6.0, 0.311, 0.1662, 0.0262, 0.248, -1.0, -1.0, -1.0, -1.0
80.0, 8.0, 0.8698, 0.1812, 0.0318, 0.2057, -1.0, -1.0, -1.0, -1.0
80.0, 16.0, 0.258, 0.5425, 0.009, 0.0781, -1.0, -1.0, -1.0, -1.0
81.0, 2.0, 0.8348, 0.2168, 0.0226, 0.1367, -1.0, -1.0, -1.0, -1.0
81.0, 3.0, 0.0777, 0.4048, 0.0123, 0.067, -1.0, -1.0, -1.0, -1.0
81.0, 4.0, 0.3468, 0.1992, 0.0254, 0.1545, -1.0, -1.0, -1.0, -1.0
81.0, 5.0, 0.2745, 0.1955, 0.0235, 0.1457, -1.0, -1.0, -1.0, -1.0
81.0, 6.0, 0.3111, 0.1662, 0.0263, 0.248, -1.0, -1.0, -1.0, -1.0
81.0, 8.0, 0.8698, 0.1812, 0.0318, 0.2057, -1.0, -1.0, -1.0, -1.0
81.0, 16.0, 0.2579, 0.5426, 0.0092, 0.0781, -1.0, -1.0, -1.0, -1.0
82.0, 2.0, 0.8328, 0.2195, 0.0217, 0.1366, -1.0, -1.0, -1.0, -1.0
82.0, 3.0, 0.0777, 0.4048, 0.0123, 0.067, -1.0, -1.0, -1.0, -1.0
82.0, 4.0, 0.3464, 0.1993, 0.0265, 0.1547, -1.0, -1.0, -1.0, -1.0
82.0, 5.0, 0.2747, 0.1956, 0.0237, 0.1458, -1.0, -1.0, -1.0, -1.0
82.0, 6.0, 0.3109, 0.1662, 0.0262, 0.248, -1.0, -1.0, -1.0, -1.0
82.0, 8.0, 0.8698, 0.1812, 0.0318, 0.2057, -1.0, -1.0, -1.0, -1.0
82.0, 16.0, 0.2575, 0.5426, 0.01, 0.0781, -1.0, -1.0, -1.0, -1.0
83.0, 2.0, 0.8344, 0.2169, 0.0236, 0.1368, -1.0, -1.0, -1.0, -1.0
83.0, 3.0, 0.0777, 0.4048, 0.0123, 0.067, -1.0, -1.0, -1.0, -1.0
83.0, 4.0, 0.346, 0.1992, 0.0255, 0.1546, -1.0, -1.0, -1.0, -1.0
83.0, 5.0, 0.2744, 0.1955, 0.0236, 0.1457, -1.0, -1.0, -1.0, -1.0
83.0, 6.0, 0.3112, 0.1662, 0.0264, 0.2481, -1.0, -1.0, -1.0, -1.0
83.0, 8.0, 0.8694, 0.1812, 0.0326, 0.2057, -1.0, -1.0, -1.0, -1.0
83.0, 16.0, 0.258, 0.5425, 0.0091, 0.0781, -1.0, -1.0, -1.0, -1.0
84.0, 2.0, 0.835, 0.2168, 0.0224, 0.1366, -1.0, -1.0, -1.0, -1.0
84.0, 3.0, 0.0777, 0.4048, 0.0123, 0.067, -1.0, -1.0, -1.0, -1.0
84.0, 4.0, 0.3469, 0.1978, 0.0254, 0.1518, -1.0, -1.0, -1.0, -1.0
84.0, 5.0, 0.2747, 0.1955, 0.0234, 0.1456, -1.0, -1.0, -1.0, -1.0
84.0, 6.0, 0.3114, 0.1662, 0.027, 0.248, -1.0, -1.0, -1.0, -1.0
84.0, 8.0, 0.8698, 0.1812, 0.0318, 0.2057, -1.0, -1.0, -1.0, -1.0
84.0, 16.0, 0.2574, 0.5427, 0.0101, 0.0782, -1.0, -1.0, -1.0, -1.0
85.0, 2.0, 0.835, 0.2168, 0.0225, 0.1366, -1.0, -1.0, -1.0, -1.0
85.0, 3.0, 0.0777, 0.4048, 0.0123, 0.067, -1.0, -1.0, -1.0, -1.0
85.0, 4.0, 0.3469, 0.1993, 0.0257, 0.1547, -1.0, -1.0, -1.0, -1.0
85.0, 5.0, 0.2739, 0.197, 0.0249, 0.1486, -1.0, -1.0, -1.0, -1.0
85.0, 6.0, 0.3114, 0.1662, 0.027, 0.248, -1.0, -1.0, -1.0, -1.0
85.0, 8.0, 0.8694, 0.1812, 0.0326, 0.2058, -1.0, -1.0, -1.0, -1.0
85.0, 16.0, 0.2584, 0.5425, 0.0099, 0.0781, -1.0, -1.0, -1.0, -1.0
86.0, 2.0, 0.8344, 0.2169, 0.0236, 0.1368, -1.0, -1.0, -1.0, -1.0
86.0, 3.0, 0.0777, 0.4048, 0.0123, 0.067, -1.0, -1.0, -1.0, -1.0
86.0, 4.0, 0.3463, 0.2007, 0.0267, 0.1575, -1.0, -1.0, -1.0, -1.0
86.0, 5.0, 0.2745, 0.1953, 0.0233, 0.1455, -1.0, -1.0, -1.0, -1.0
86.0, 6.0, 0.3114, 0.1662, 0.0271, 0.248, -1.0, -1.0, -1.0, -1.0
86.0, 8.0, 0.8698, 0.1812, 0.0318, 0.2057, -1.0, -1.0, -1.0, -1.0
86.0, 16.0, 0.2579, 0.5426, 0.0092, 0.0781, -1.0, -1.0, -1.0, -1.0
87.0, 2.0, 0.8345, 0.2168, 0.0234, 0.1367, -1.0, -1.0, -1.0, -1.0
87.0, 3.0, 0.0777, 0.4048, 0.0123, 0.067, -1.0, -1.0, -1.0, -1.0
87.0, 4.0, 0.3464, 0.1992, 0.0246, 0.1545, -1.0, -1.0, -1.0, -1.0
87.0, 5.0, 0.2745, 0.1955, 0.0236, 0.1457, -1.0, -1.0, -1.0, -1.0
87.0, 6.0, 0.311, 0.1662, 0.0262, 0.248, -1.0, -1.0, -1.0, -1.0
87.0, 8.0, 0.8698, 0.1812, 0.0318, 0.2058, -1.0, -1.0, -1.0, -1.0
87.0, 16.0, 0.258, 0.5426, 0.0091, 0.0781, -1.0, -1.0, -1.0, -1.0
87.0, 20.0, 0.9879, 0.4732, 0.0353, 0.0734, -1.0, -1.0, -1.0, -1.0
88.0, 2.0, 0.8329, 0.221, 0.0221, 0.1395, -1.0, -1.0, -1.0, -1.0
88.0, 3.0, 0.0777, 0.4048, 0.0123, 0.067, -1.0, -1.0, -1.0, -1.0
88.0, 4.0, 0.3463, 0.1993, 0.0248, 0.1546, -1.0, -1.0, -1.0, -1.0
88.0, 5.0, 0.2744, 0.1969, 0.0237, 0.1484, -1.0, -1.0, -1.0, -1.0
88.0, 6.0, 0.3114, 0.1662, 0.0271, 0.248, -1.0, -1.0, -1.0, -1.0
88.0, 8.0, 0.8694, 0.1812, 0.0326, 0.2058, -1.0, -1.0, -1.0, -1.0
88.0, 16.0, 0.258, 0.5426, 0.0091, 0.0781, -1.0, -1.0, -1.0, -1.0
88.0, 20.0, 0.9875, 0.4572, 0.0406, 0.0867, -1.0, -1.0, -1.0, -1.0
89.0, 2.0, 0.8329, 0.2194, 0.0199, 0.1366, -1.0, -1.0, -1.0, -1.0
89.0, 3.0, 0.0777, 0.4048, 0.0123, 0.067, -1.0, -1.0, -1.0, -1.0
89.0, 4.0, 0.346, 0.2007, 0.0258, 0.1574, -1.0, -1.0, -1.0, -1.0
89.0, 5.0, 0.2745, 0.1954, 0.0233, 0.1456, -1.0, -1.0, -1.0, -1.0
89.0, 6.0, 0.3114, 0.1662, 0.027, 0.248, -1.0, -1.0, -1.0, -1.0
89.0, 8.0, 0.8698, 0.1812, 0.0318, 0.2057, -1.0, -1.0, -1.0, -1.0
89.0, 16.0, 0.258, 0.5426, 0.0091, 0.0781, -1.0, -1.0, -1.0, -1.0
89.0, 20.0, 0.9613, 0.4738, 0.0868, 0.0881, -1.0, -1.0, -1.0, -1.0
90.0, 2.0, 0.8329, 0.2207, 0.0198, 0.1338, -1.0, -1.0, -1.0, -1.0
90.0, 3.0, 0.0777, 0.4048, 0.0123, 0.067, -1.0, -1.0, -1.0, -1.0
90.0, 4.0, 0.3463, 0.2006, 0.0249, 0.1574, -1.0, -1.0, -1.0, -1.0
90.0, 5.0, 0.2744, 0.1969, 0.0239, 0.1485, -1.0, -1.0, -1.0, -1.0
90.0, 6.0, 0.3114, 0.1662, 0.0271, 0.248, -1.0, -1.0, -1.0, -1.0
90.0, 8.0, 0.8698, 0.1812, 0.0318, 0.2057, -1.0, -1.0, -1.0, -1.0
90.0, 16.0, 0.258, 0.5426, 0.0091, 0.0781, -1.0, -1.0, -1.0, -1.0
90.0, 20.0, 0.9443, 0.4713, 0.0902, 0.0896, -1.0, -1.0, -1.0, -1.0
91.0, 2.0, 0.8323, 0.2207, 0.021, 0.134, -1.0, -1.0, -1.0, -1.0
91.0, 3.0, 0.0777, 0.4048, 0.0123, 0.067, -1.0, -1.0, -1.0, -1.0
91.0, 4.0, 0.3462, 0.2006, 0.0249, 0.1573, -1.0, -1.0, -1.0, -1.0
91.0, 5.0, 0.2745, 0.1968, 0.0234, 0.1483, -1.0, -1.0, -1.0, -1.0
91.0, 6.0, 0.3114, 0.1662, 0.027, 0.248, -1.0, -1.0, -1.0, -1.0
91.0, 8.0, 0.8698, 0.1812, 0.0318, 0.2057, -1.0, -1.0, -1.0, -1.0
91.0, 16.0, 0.258, 0.5426, 0.0091, 0.0781, -1.0, -1.0, -1.0, -1.0
91.0, 20.0, 0.9173, 0.4699, 0.0663, 0.0864, -1.0, -1.0, -1.0, -1.0
92.0, 2.0, 0.8325, 0.2205, 0.0204, 0.1336, -1.0, -1.0, -1.0, -1.0
92.0, 3.0, 0.0772, 0.4048, 0.0132, 0.067, -1.0, -1.0, -1.0, -1.0
92.0, 4.0, 0.3467, 0.2006, 0.0256, 0.1573, -1.0, -1.0, -1.0, -1.0
92.0, 5.0, 0.2745, 0.1954, 0.0233, 0.1456, -1.0, -1.0, -1.0, -1.0
92.0, 6.0, 0.3114, 0.1662, 0.0271, 0.248, -1.0, -1.0, -1.0, -1.0
92.0, 8.0, 0.8698, 0.1812, 0.0318, 0.2057, -1.0, -1.0, -1.0, -1.0
92.0, 16.0, 0.2583, 0.5426, 0.0101, 0.0782, -1.0, -1.0, -1.0, -1.0
92.0, 20.0, 0.9002, 0.4719, 0.0708, 0.084, -1.0, -1.0, -1.0, -1.0
93.0, 2.0, 0.8326, 0.2191, 0.0194, 0.1309, -1.0, -1.0, -1.0, -1.0
93.0, 3.0, 0.0778, 0.406, 0.0121, 0.0643, -1.0, -1.0, -1.0, -1.0
93.0, 4.0, 0.3459, 0.2006, 0.0256, 0.1573, -1.0, -1.0, -1.0, -1.0
93.0, 5.0, 0.274, 0.1955, 0.0244, 0.1457, -1.0, -1.0, -1.0, -1.0
93.0, 6.0, 0.3113, 0.1662, 0.027, 0.248, -1.0, -1.0, -1.0, -1.0
93.0, 8.0, 0.8698, 0.1812, 0.0318, 0.2057, -1.0, -1.0, -1.0, -1.0
93.0, 16.0, 0.2583, 0.5426, 0.01, 0.0781, -1.0, -1.0, -1.0, -1.0
93.0, 20.0, 0.8648, 0.4799, 0.0797, 0.091, -1.0, -1.0, -1.0, -1.0
94.0, 2.0, 0.8326, 0.2191, 0.0193, 0.1307, -1.0, -1.0, -1.0, -1.0
94.0, 3.0, 0.0776, 0.4049, 0.0125, 0.0671, -1.0, -1.0, -1.0, -1.0
94.0, 4.0, 0.3464, 0.1991, 0.0245, 0.1544, -1.0, -1.0, -1.0, -1.0
94.0, 5.0, 0.2746, 0.1954, 0.0233, 0.1456, -1.0, -1.0, -1.0, -1.0
94.0, 6.0, 0.3113, 0.1662, 0.027, 0.248, -1.0, -1.0, -1.0, -1.0
94.0, 8.0, 0.8698, 0.1812, 0.0318, 0.2057, -1.0, -1.0, -1.0, -1.0
94.0, 16.0, 0.2575, 0.5426, 0.01, 0.0781, -1.0, -1.0, -1.0, -1.0
94.0, 20.0, 0.8363, 0.4813, 0.0875, 0.0874, -1.0, -1.0, -1.0, -1.0
95.0, 2.0, 0.8341, 0.2167, 0.0215, 0.1364, -1.0, -1.0, -1.0, -1.0
95.0, 3.0, 0.0773, 0.4047, 0.013, 0.0669, -1.0, -1.0, -1.0, -1.0
95.0, 4.0, 0.3465, 0.1992, 0.0246, 0.1545, -1.0, -1.0, -1.0, -1.0
95.0, 5.0, 0.2745, 0.1955, 0.0236, 0.1457, -1.0, -1.0, -1.0, -1.0
95.0, 6.0, 0.3109, 0.1662, 0.0261, 0.248, -1.0, -1.0, -1.0, -1.0
95.0, 8.0, 0.8694, 0.1812, 0.0326, 0.2057, -1.0, -1.0, -1.0, -1.0
95.0, 16.0, 0.258, 0.5425, 0.009, 0.0781, -1.0, -1.0, -1.0, -1.0
95.0, 20.0, 0.8155, 0.4809, 0.0716, 0.0872, -1.0, -1.0, -1.0, -1.0
96.0, 2.0, 0.8323, 0.2189, 0.019, 0.1306, -1.0, -1.0, -1.0, -1.0
96.0, 3.0, 0.0777, 0.4048, 0.0123, 0.0669, -1.0, -1.0, -1.0, -1.0
96.0, 4.0, 0.3464, 0.2007, 0.0249, 0.1573, -1.0, -1.0, -1.0, -1.0
96.0, 5.0, 0.2745, 0.1955, 0.0235, 0.1457, -1.0, -1.0, -1.0, -1.0
96.0, 6.0, 0.3114, 0.1662, 0.027, 0.248, -1.0, -1.0, -1.0, -1.0
96.0, 8.0, 0.8698, 0.1825, 0.0318, 0.2031, -1.0, -1.0, -1.0, -1.0
96.0, 16.0, 0.2579, 0.5426, 0.0092, 0.0781, -1.0, -1.0, -1.0, -1.0
96.0, 20.0, 0.7832, 0.4853, 0.072, 0.0883, -1.0, -1.0, -1.0, -1.0
97.0, 2.0, 0.8324, 0.2208, 0.0201, 0.1338, -1.0, -1.0, -1.0, -1.0
97.0, 3.0, 0.0777, 0.4048, 0.0123, 0.067, -1.0, -1.0, -1.0, -1.0
97.0, 4.0, 0.3464, 0.2006, 0.0249, 0.1573, -1.0, -1.0, -1.0, -1.0
97.0, 5.0, 0.2746, 0.1955, 0.0235, 0.1457, -1.0, -1.0, -1.0, -1.0
97.0, 6.0, 0.3113, 0.1648, 0.0268, 0.2452, -1.0, -1.0, -1.0, -1.0
97.0, 8.0, 0.8694, 0.1812, 0.0326, 0.2057, -1.0, -1.0, -1.0, -1.0
97.0, 16.0, 0.2583, 0.5426, 0.01, 0.0782, -1.0, -1.0, -1.0, -1.0
97.0, 20.0, 0.7631, 0.4874, 0.0661, 0.0859, -1.0, -1.0, -1.0, -1.0
98.0, 2.0, 0.8318, 0.2205, 0.0202, 0.1336, -1.0, -1.0, -1.0, -1.0
98.0, 3.0, 0.0777, 0.4048, 0.0123, 0.067, -1.0, -1.0, -1.0, -1.0
98.0, 4.0, 0.3468, 0.1992, 0.0237, 0.1544, -1.0, -1.0, -1.0, -1.0
98.0, 5.0, 0.2745, 0.1955, 0.0236, 0.1457, -1.0, -1.0, -1.0, -1.0
98.0, 6.0, 0.3114, 0.1662, 0.027, 0.248, -1.0, -1.0, -1.0, -1.0
98.0, 8.0, 0.8698, 0.1798, 0.0317, 0.203, -1.0, -1.0, -1.0, -1.0
98.0, 16.0, 0.2583, 0.5426, 0.01, 0.0781, -1.0, -1.0, -1.0, -1.0
98.0, 20.0, 0.734, 0.4937, 0.0681, 0.0819, -1.0, -1.0, -1.0, -1.0
99.0, 2.0, 0.8327, 0.2206, 0.0193, 0.1333, -1.0, -1.0, -1.0, -1.0
99.0, 3.0, 0.0777, 0.4048, 0.0123, 0.067, -1.0, -1.0, -1.0, -1.0
99.0, 4.0, 0.3469, 0.1992, 0.0238, 0.1545, -1.0, -1.0, -1.0, -1.0
99.0, 5.0, 0.2745, 0.1955, 0.0236, 0.1457, -1.0, -1.0, -1.0, -1.0
99.0, 6.0, 0.3113, 0.1661, 0.0269, 0.248, -1.0, -1.0, -1.0, -1.0
99.0, 8.0, 0.8697, 0.1812, 0.0318, 0.2058, -1.0, -1.0, -1.0, -1.0
99.0, 16.0, 0.258, 0.5426, 0.0091, 0.0781, -1.0, -1.0, -1.0, -1.0
99.0, 20.0, 0.7067, 0.4973, 0.0748, 0.0822, -1.0, -1.0, -1.0, -1.0
100.0, 2.0, 0.8339, 0.2168, 0.0219, 0.1367, -1.0, -1.0, -1.0, -1.0
100.0, 3.0, 0.0777, 0.4048, 0.0123, 0.067, -1.0, -1.0, -1.0, -1.0
100.0, 4.0, 0.347, 0.1978, 0.0236, 0.1517, -1.0, -1.0, -1.0, -1.0
100.0, 5.0, 0.2745, 0.1942, 0.0237, 0.1484, -1.0, -1.0, -1.0, -1.0
100.0, 6.0, 0.3115, 0.1662, 0.0271, 0.248, -1.0, -1.0, -1.0, -1.0
100.0, 8.0, 0.8694, 0.1812, 0.0326, 0.2057, -1.0, -1.0, -1.0, -1.0
100.0, 16.0, 0.2584, 0.5425, 0.0082, 0.078, -1.0, -1.0, -1.0, -1.0
100.0, 20.0, 0.6829, 0.4968, 0.0676, 0.0813, -1.0, -1.0, -1.0, -1.0
101.0, 2.0, 0.835, 0.2166, 0.0215, 0.136, -1.0, -1.0, -1.0, -1.0
101.0, 3.0, 0.0777, 0.4048, 0.0123, 0.067, -1.0, -1.0, -1.0, -1.0
101.0, 4.0, 0.3469, 0.1979, 0.0239, 0.1519, -1.0, -1.0, -1.0, -1.0
101.0, 5.0, 0.2744, 0.1954, 0.0234, 0.1456, -1.0, -1.0, -1.0, -1.0
101.0, 6.0, 0.3116, 0.1661, 0.026, 0.248, -1.0, -1.0, -1.0, -1.0
101.0, 8.0, 0.8698, 0.1812, 0.0318, 0.2058, -1.0, -1.0, -1.0, -1.0
101.0, 16.0, 0.2579, 0.5426, 0.0092, 0.0782, -1.0, -1.0, -1.0, -1.0
101.0, 20.0, 0.6598, 0.4997, 0.0591, 0.0814, -1.0, -1.0, -1.0, -1.0
102.0, 2.0, 0.8325, 0.2206, 0.0195, 0.1336, -1.0, -1.0, -1.0, -1.0
102.0, 3.0, 0.0777, 0.4048, 0.0123, 0.067, -1.0, -1.0, -1.0, -1.0
102.0, 4.0, 0.3469, 0.1993, 0.0241, 0.1547, -1.0, -1.0, -1.0, -1.0
102.0, 5.0, 0.2745, 0.1955, 0.0236, 0.1457, -1.0, -1.0, -1.0, -1.0
102.0, 6.0, 0.3119, 0.1662, 0.0263, 0.248, -1.0, -1.0, -1.0, -1.0
102.0, 8.0, 0.8698, 0.1812, 0.0318, 0.2058, -1.0, -1.0, -1.0, -1.0
102.0, 16.0, 0.2583, 0.5426, 0.01, 0.0781, -1.0, -1.0, -1.0, -1.0
102.0, 20.0, 0.6315, 0.5029, 0.0679, 0.0819, -1.0, -1.0, -1.0, -1.0
103.0, 2.0, 0.8327, 0.2195, 0.0198, 0.1364, -1.0, -1.0, -1.0, -1.0
103.0, 3.0, 0.0777, 0.4048, 0.0123, 0.067, -1.0, -1.0, -1.0, -1.0
103.0, 4.0, 0.3465, 0.1979, 0.0246, 0.1519, -1.0, -1.0, -1.0, -1.0
103.0, 5.0, 0.2744, 0.1954, 0.0235, 0.1456, -1.0, -1.0, -1.0, -1.0
103.0, 6.0, 0.3117, 0.1661, 0.0261, 0.248, -1.0, -1.0, -1.0, -1.0
103.0, 8.0, 0.8698, 0.1812, 0.0318, 0.2058, -1.0, -1.0, -1.0, -1.0
103.0, 16.0, 0.258, 0.5426, 0.0091, 0.0781, -1.0, -1.0, -1.0, -1.0
103.0, 20.0, 0.5982, 0.5097, 0.069, 0.0848, -1.0, -1.0, -1.0, -1.0
104.0, 2.0, 0.8329, 0.2193, 0.0194, 0.1362, -1.0, -1.0, -1.0, -1.0
104.0, 3.0, 0.0777, 0.4048, 0.0123, 0.067, -1.0, -1.0, -1.0, -1.0
104.0, 4.0, 0.3464, 0.1994, 0.0251, 0.1548, -1.0, -1.0, -1.0, -1.0
104.0, 5.0, 0.2746, 0.1954, 0.0235, 0.1457, -1.0, -1.0, -1.0, -1.0
104.0, 6.0, 0.3119, 0.1662, 0.0262, 0.248, -1.0, -1.0, -1.0, -1.0
104.0, 8.0, 0.8698, 0.1812, 0.0319, 0.2058, -1.0, -1.0, -1.0, -1.0
104.0, 16.0, 0.2583, 0.5427, 0.0101, 0.0782, -1.0, -1.0, -1.0, -1.0
104.0, 20.0, 0.5714, 0.5154, 0.0734, 0.0853, -1.0, -1.0, -1.0, -1.0
105.0, 2.0, 0.8328, 0.2206, 0.0193, 0.1335, -1.0, -1.0, -1.0, -1.0
105.0, 3.0, 0.0777, 0.4048, 0.0123, 0.067, -1.0, -1.0, -1.0, -1.0
105.0, 4.0, 0.346, 0.1993, 0.0256, 0.1546, -1.0, -1.0, -1.0, -1.0
105.0, 5.0, 0.2744, 0.1968, 0.0235, 0.143, -1.0, -1.0, -1.0, -1.0
105.0, 6.0, 0.3118, 0.1662, 0.0262, 0.248, -1.0, -1.0, -1.0, -1.0
105.0, 8.0, 0.8698, 0.1812, 0.0319, 0.2059, -1.0, -1.0, -1.0, -1.0
105.0, 16.0, 0.2588, 0.5425, 0.009, 0.0781, -1.0, -1.0, -1.0, -1.0
105.0, 20.0, 0.5534, 0.5137, 0.0556, 0.0783, -1.0, -1.0, -1.0, -1.0
106.0, 2.0, 0.8323, 0.2195, 0.0209, 0.1366, -1.0, -1.0, -1.0, -1.0
106.0, 3.0, 0.0777, 0.4048, 0.0123, 0.067, -1.0, -1.0, -1.0, -1.0
106.0, 4.0, 0.3459, 0.202, 0.0259, 0.1548, -1.0, -1.0, -1.0, -1.0
106.0, 5.0, 0.2746, 0.1982, 0.0237, 0.1458, -1.0, -1.0, -1.0, -1.0
106.0, 6.0, 0.3119, 0.1662, 0.0263, 0.248, -1.0, -1.0, -1.0, -1.0
106.0, 8.0, 0.8698, 0.1812, 0.0319, 0.2058, -1.0, -1.0, -1.0, -1.0
106.0, 16.0, 0.2579, 0.5426, 0.0092, 0.0781, -1.0, -1.0, -1.0, -1.0
106.0, 20.0, 0.5253, 0.5228, 0.0634, 0.0839, -1.0, -1.0, -1.0, -1.0
107.0, 2.0, 0.8327, 0.2192, 0.0194, 0.1362, -1.0, -1.0, -1.0, -1.0
107.0, 3.0, 0.0777, 0.4048, 0.0123, 0.067, -1.0, -1.0, -1.0, -1.0
107.0, 4.0, 0.3458, 0.1993, 0.0258, 0.1547, -1.0, -1.0, -1.0, -1.0
107.0, 5.0, 0.2745, 0.1955, 0.0236, 0.1457, -1.0, -1.0, -1.0, -1.0
107.0, 6.0, 0.3114, 0.1661, 0.0253, 0.248, -1.0, -1.0, -1.0, -1.0
107.0, 8.0, 0.8698, 0.1812, 0.0319, 0.2058, -1.0, -1.0, -1.0, -1.0
107.0, 16.0, 0.2583, 0.5426, 0.01, 0.0782, -1.0, -1.0, -1.0, -1.0
107.0, 20.0, 0.4955, 0.5255, 0.0648, 0.0799, -1.0, -1.0, -1.0, -1.0
108.0, 2.0, 0.8322, 0.2195, 0.021, 0.1366, -1.0, -1.0, -1.0, -1.0
108.0, 3.0, 0.0777, 0.4048, 0.0123, 0.067, -1.0, -1.0, -1.0, -1.0
108.0, 4.0, 0.3458, 0.1993, 0.0258, 0.1547, -1.0, -1.0, -1.0, -1.0
108.0, 5.0, 0.2745, 0.1956, 0.0237, 0.1458, -1.0, -1.0, -1.0, -1.0
108.0, 6.0, 0.3114, 0.1648, 0.0252, 0.2452, -1.0, -1.0, -1.0, -1.0
108.0, 8.0, 0.8698, 0.1812, 0.0318, 0.2057, -1.0, -1.0, -1.0, -1.0
108.0, 16.0, 0.258, 0.5426, 0.0091, 0.0781, -1.0, -1.0, -1.0, -1.0
108.0, 20.0, 0.4685, 0.531, 0.074, 0.0881, -1.0, -1.0, -1.0, -1.0
109.0, 2.0, 0.8339, 0.2167, 0.0224, 0.1365, -1.0, -1.0, -1.0, -1.0
109.0, 3.0, 0.0777, 0.4048, 0.0123, 0.067, -1.0, -1.0, -1.0, -1.0
109.0, 4.0, 0.3459, 0.1993, 0.0258, 0.1547, -1.0, -1.0, -1.0, -1.0
109.0, 5.0, 0.2745, 0.1967, 0.0234, 0.143, -1.0, -1.0, -1.0, -1.0
109.0, 6.0, 0.3114, 0.1662, 0.0254, 0.248, -1.0, -1.0, -1.0, -1.0
109.0, 8.0, 0.8698, 0.1812, 0.0318, 0.2057, -1.0, -1.0, -1.0, -1.0
109.0, 16.0, 0.2579, 0.5426, 0.0092, 0.0781, -1.0, -1.0, -1.0, -1.0
109.0, 20.0, 0.4451, 0.5324, 0.0629, 0.083, -1.0, -1.0, -1.0, -1.0
110.0, 2.0, 0.835, 0.2167, 0.022, 0.1363, -1.0, -1.0, -1.0, -1.0
110.0, 3.0, 0.0777, 0.4048, 0.0123, 0.067, -1.0, -1.0, -1.0, -1.0
110.0, 4.0, 0.3462, 0.2005, 0.0248, 0.152, -1.0, -1.0, -1.0, -1.0
110.0, 5.0, 0.2746, 0.1968, 0.0235, 0.143, -1.0, -1.0, -1.0, -1.0
110.0, 6.0, 0.3114, 0.1661, 0.0253, 0.248, -1.0, -1.0, -1.0, -1.0
110.0, 8.0, 0.8698, 0.1812, 0.0318, 0.2058, -1.0, -1.0, -1.0, -1.0
110.0, 16.0, 0.258, 0.5426, 0.0091, 0.0781, -1.0, -1.0, -1.0, -1.0
110.0, 20.0, 0.4222, 0.5375, 0.0609, 0.0852, -1.0, -1.0, -1.0, -1.0
111.0, 2.0, 0.8326, 0.221, 0.0222, 0.1396, -1.0, -1.0, -1.0, -1.0
111.0, 3.0, 0.0777, 0.4048, 0.0123, 0.067, -1.0, -1.0, -1.0, -1.0
111.0, 4.0, 0.346, 0.2006, 0.0256, 0.152, -1.0, -1.0, -1.0, -1.0
111.0, 5.0, 0.2745, 0.1968, 0.0237, 0.1431, -1.0, -1.0, -1.0, -1.0
111.0, 6.0, 0.312, 0.1662, 0.0263, 0.248, -1.0, -1.0, -1.0, -1.0
111.0, 8.0, 0.8698, 0.1812, 0.0318, 0.2058, -1.0, -1.0, -1.0, -1.0
111.0, 16.0, 0.258, 0.5426, 0.0092, 0.0781, -1.0, -1.0, -1.0, -1.0
111.0, 20.0, 0.4074, 0.536, 0.0343, 0.0797, -1.0, -1.0, -1.0, -1.0
112.0, 2.0, 0.8344, 0.2168, 0.0232, 0.1366, -1.0, -1.0, -1.0, -1.0
112.0, 3.0, 0.0777, 0.4048, 0.0123, 0.067, -1.0, -1.0, -1.0, -1.0
112.0, 4.0, 0.3463, 0.1993, 0.025, 0.1547, -1.0, -1.0, -1.0, -1.0
112.0, 5.0, 0.2749, 0.1956, 0.0248, 0.146, -1.0, -1.0, -1.0, -1.0
112.0, 6.0, 0.3118, 0.1662, 0.0262, 0.248, -1.0, -1.0, -1.0, -1.0
112.0, 8.0, 0.8698, 0.1812, 0.0318, 0.2058, -1.0, -1.0, -1.0, -1.0
112.0, 16.0, 0.258, 0.5426, 0.0091, 0.0781, -1.0, -1.0, -1.0, -1.0
112.0, 20.0, 0.4066, 0.5365, 0.0354, 0.0786, -1.0, -1.0, -1.0, -1.0
113.0, 2.0, 0.8349, 0.2169, 0.0226, 0.1367, -1.0, -1.0, -1.0, -1.0
113.0, 3.0, 0.0777, 0.4048, 0.0123, 0.067, -1.0, -1.0, -1.0, -1.0
113.0, 4.0, 0.3469, 0.1978, 0.0238, 0.1518, -1.0, -1.0, -1.0, -1.0
113.0, 5.0, 0.2744, 0.1955, 0.0236, 0.1457, -1.0, -1.0, -1.0, -1.0
113.0, 6.0, 0.3112, 0.1662, 0.0264, 0.2481, -1.0, -1.0, -1.0, -1.0
113.0, 8.0, 0.8694, 0.1812, 0.0326, 0.2058, -1.0, -1.0, -1.0, -1.0
113.0, 16.0, 0.258, 0.5426, 0.0091, 0.0781, -1.0, -1.0, -1.0, -1.0
113.0, 20.0, 0.4059, 0.536, 0.0341, 0.0768, -1.0, -1.0, -1.0, -1.0
114.0, 2.0, 0.8327, 0.2195, 0.0219, 0.1368, -1.0, -1.0, -1.0, -1.0
114.0, 3.0, 0.0777, 0.4048, 0.0123, 0.067, -1.0, -1.0, -1.0, -1.0
114.0, 4.0, 0.3468, 0.1979, 0.024, 0.152, -1.0, -1.0, -1.0, -1.0
114.0, 5.0, 0.2745, 0.197, 0.0239, 0.1486, -1.0, -1.0, -1.0, -1.0
114.0, 6.0, 0.3114, 0.1662, 0.027, 0.248, -1.0, -1.0, -1.0, -1.0
114.0, 8.0, 0.8698, 0.1785, 0.0318, 0.2057, -1.0, -1.0, -1.0, -1.0
114.0, 16.0, 0.258, 0.5426, 0.0091, 0.0781, -1.0, -1.0, -1.0, -1.0
114.0, 20.0, 0.4045, 0.537, 0.036, 0.0764, -1.0, -1.0, -1.0, -1.0
115.0, 2.0, 0.835, 0.2157, 0.0246, 0.1395, -1.0, -1.0, -1.0, -1.0
115.0, 3.0, 0.0777, 0.4048, 0.0123, 0.067, -1.0, -1.0, -1.0, -1.0
115.0, 4.0, 0.3469, 0.1993, 0.0241, 0.1547, -1.0, -1.0, -1.0, -1.0
115.0, 5.0, 0.2744, 0.1954, 0.0234, 0.1456, -1.0, -1.0, -1.0, -1.0
115.0, 6.0, 0.3111, 0.1662, 0.0263, 0.248, -1.0, -1.0, -1.0, -1.0
115.0, 8.0, 0.8693, 0.1812, 0.0326, 0.2058, -1.0, -1.0, -1.0, -1.0
115.0, 16.0, 0.256, 0.548, 0.014, 0.0977, -1.0, -1.0, -1.0, -1.0
115.0, 20.0, 0.4027, 0.5379, 0.037, 0.0757, -1.0, -1.0, -1.0, -1.0
116.0, 2.0, 0.8323, 0.2194, 0.0209, 0.1367, -1.0, -1.0, -1.0, -1.0
116.0, 3.0, 0.0777, 0.4048, 0.0123, 0.067, -1.0, -1.0, -1.0, -1.0
116.0, 4.0, 0.3469, 0.1978, 0.0239, 0.1519, -1.0, -1.0, -1.0, -1.0
116.0, 5.0, 0.2745, 0.1967, 0.0234, 0.1429, -1.0, -1.0, -1.0, -1.0
116.0, 6.0, 0.3115, 0.1662, 0.0272, 0.2481, -1.0, -1.0, -1.0, -1.0
116.0, 8.0, 0.8698, 0.1812, 0.0318, 0.2057, -1.0, -1.0, -1.0, -1.0
116.0, 16.0, 0.2595, 0.5542, 0.0516, 0.0726, -1.0, -1.0, -1.0, -1.0
116.0, 20.0, 0.4007, 0.539, 0.0385, 0.0753, -1.0, -1.0, -1.0, -1.0
117.0, 2.0, 0.8346, 0.2169, 0.0237, 0.1368, -1.0, -1.0, -1.0, -1.0
117.0, 3.0, 0.0777, 0.4048, 0.0123, 0.067, -1.0, -1.0, -1.0, -1.0
117.0, 4.0, 0.3475, 0.2019, 0.024, 0.1493, -1.0, -1.0, -1.0, -1.0
117.0, 5.0, 0.2741, 0.1967, 0.0227, 0.143, -1.0, -1.0, -1.0, -1.0
117.0, 6.0, 0.3115, 0.1662, 0.0272, 0.2481, -1.0, -1.0, -1.0, -1.0
117.0, 8.0, 0.8698, 0.1812, 0.0318, 0.2057, -1.0, -1.0, -1.0, -1.0
117.0, 16.0, 0.2556, 0.5534, 0.0398, 0.082, -1.0, -1.0, -1.0, -1.0
117.0, 20.0, 0.3983, 0.5407, 0.0411, 0.0754, -1.0, -1.0, -1.0, -1.0
118.0, 2.0, 0.8328, 0.2194, 0.0218, 0.1367, -1.0, -1.0, -1.0, -1.0
118.0, 3.0, 0.0777, 0.4048, 0.0123, 0.067, -1.0, -1.0, -1.0, -1.0
118.0, 4.0, 0.3465, 0.1994, 0.0251, 0.1548, -1.0, -1.0, -1.0, -1.0
118.0, 5.0, 0.2741, 0.197, 0.0249, 0.1487, -1.0, -1.0, -1.0, -1.0
118.0, 6.0, 0.3115, 0.1662, 0.0272, 0.2481, -1.0, -1.0, -1.0, -1.0
118.0, 8.0, 0.8694, 0.1812, 0.0327, 0.2058, -1.0, -1.0, -1.0, -1.0
118.0, 16.0, 0.2565, 0.5511, 0.036, 0.078, -1.0, -1.0, -1.0, -1.0
119.0, 2.0, 0.8346, 0.2168, 0.0233, 0.1366, -1.0, -1.0, -1.0, -1.0
119.0, 3.0, 0.0777, 0.4048, 0.0123, 0.067, -1.0, -1.0, -1.0, -1.0
119.0, 4.0, 0.3463, 0.1981, 0.0252, 0.1575, -1.0, -1.0, -1.0, -1.0
119.0, 5.0, 0.2744, 0.1969, 0.0237, 0.1485, -1.0, -1.0, -1.0, -1.0
119.0, 6.0, 0.3114, 0.1662, 0.0271, 0.248, -1.0, -1.0, -1.0, -1.0
119.0, 8.0, 0.8698, 0.1812, 0.0318, 0.2057, -1.0, -1.0, -1.0, -1.0
119.0, 16.0, 0.2563, 0.5497, 0.0337, 0.0746, -1.0, -1.0, -1.0, -1.0
120.0, 2.0, 0.8346, 0.2169, 0.0232, 0.137, -1.0, -1.0, -1.0, -1.0
120.0, 3.0, 0.0777, 0.4048, 0.0123, 0.067, -1.0, -1.0, -1.0, -1.0
120.0, 4.0, 0.3467, 0.1993, 0.0242, 0.1547, -1.0, -1.0, -1.0, -1.0
120.0, 5.0, 0.2744, 0.1969, 0.0237, 0.1485, -1.0, -1.0, -1.0, -1.0
120.0, 6.0, 0.3114, 0.1662, 0.0271, 0.248, -1.0, -1.0, -1.0, -1.0
120.0, 8.0, 0.8698, 0.1812, 0.0318, 0.2058, -1.0, -1.0, -1.0, -1.0
120.0, 16.0, 0.2599, 0.5415, 0.0064, 0.0773, -1.0, -1.0, -1.0, -1.0
121.0, 2.0, 0.8347, 0.2168, 0.0231, 0.1365, -1.0, -1.0, -1.0, -1.0
121.0, 3.0, 0.0777, 0.4048, 0.0123, 0.067, -1.0, -1.0, -1.0, -1.0
121.0, 4.0, 0.3473, 0.2034, 0.0246, 0.1576, -1.0, -1.0, -1.0, -1.0
121.0, 5.0, 0.2741, 0.1968, 0.0243, 0.1483, -1.0, -1.0, -1.0, -1.0
121.0, 6.0, 0.3114, 0.1662, 0.027, 0.248, -1.0, -1.0, -1.0, -1.0
121.0, 8.0, 0.8694, 0.1812, 0.0326, 0.2057, -1.0, -1.0, -1.0, -1.0
121.0, 16.0, 0.2577, 0.5428, 0.0096, 0.0781, -1.0, -1.0, -1.0, -1.0
122.0, 2.0, 0.8323, 0.2195, 0.0211, 0.1368, -1.0, -1.0, -1.0, -1.0
122.0, 3.0, 0.0777, 0.4048, 0.0123, 0.067, -1.0, -1.0, -1.0, -1.0
122.0, 4.0, 0.3475, 0.2033, 0.0241, 0.1573, -1.0, -1.0, -1.0, -1.0
122.0, 5.0, 0.2741, 0.1968, 0.0244, 0.1483, -1.0, -1.0, -1.0, -1.0
122.0, 6.0, 0.3114, 0.1662, 0.027, 0.248, -1.0, -1.0, -1.0, -1.0
122.0, 8.0, 0.8698, 0.1812, 0.0318, 0.2057, -1.0, -1.0, -1.0, -1.0
122.0, 16.0, 0.2584, 0.5423, 0.0094, 0.078, -1.0, -1.0, -1.0, -1.0
123.0, 2.0, 0.8348, 0.2168, 0.0228, 0.1368, -1.0, -1.0, -1.0, -1.0
123.0, 3.0, 0.0782, 0.4033, 0.0113, 0.0642, -1.0, -1.0, -1.0, -1.0
123.0, 4.0, 0.3472, 0.2034, 0.0246, 0.1576, -1.0, -1.0, -1.0, -1.0
123.0, 5.0, 0.274, 0.1953, 0.0242, 0.1456, -1.0, -1.0, -1.0, -1.0
123.0, 6.0, 0.3113, 0.1662, 0.027, 0.248, -1.0, -1.0, -1.0, -1.0
123.0, 8.0, 0.8698, 0.1812, 0.0318, 0.2057, -1.0, -1.0, -1.0, -1.0
123.0, 16.0, 0.2587, 0.5425, 0.0091, 0.078, -1.0, -1.0, -1.0, -1.0
123.0, 21.0, 0.1051, 0.5808, 0.0475, 0.0854, -1.0, -1.0, -1.0, -1.0
124.0, 2.0, 0.8349, 0.2168, 0.0226, 0.1367, -1.0, -1.0, -1.0, -1.0
124.0, 3.0, 0.0776, 0.4049, 0.0125, 0.0671, -1.0, -1.0, -1.0, -1.0
124.0, 4.0, 0.3462, 0.1979, 0.025, 0.1573, -1.0, -1.0, -1.0, -1.0
124.0, 5.0, 0.2741, 0.1968, 0.0245, 0.1484, -1.0, -1.0, -1.0, -1.0
124.0, 6.0, 0.3114, 0.1662, 0.027, 0.248, -1.0, -1.0, -1.0, -1.0
124.0, 8.0, 0.8698, 0.1812, 0.0318, 0.2057, -1.0, -1.0, -1.0, -1.0
124.0, 16.0, 0.2576, 0.5424, 0.0089, 0.0781, -1.0, -1.0, -1.0, -1.0
124.0, 21.0, 0.1115, 0.5783, 0.0438, 0.079, -1.0, -1.0, -1.0, -1.0
125.0, 2.0, 0.8345, 0.2169, 0.0235, 0.1367, -1.0, -1.0, -1.0, -1.0
125.0, 3.0, 0.0778, 0.4046, 0.012, 0.0669, -1.0, -1.0, -1.0, -1.0
125.0, 4.0, 0.3467, 0.1992, 0.0239, 0.1545, -1.0, -1.0, -1.0, -1.0
125.0, 5.0, 0.2744, 0.1968, 0.0234, 0.1483, -1.0, -1.0, -1.0, -1.0
125.0, 6.0, 0.3113, 0.1662, 0.027, 0.248, -1.0, -1.0, -1.0, -1.0
125.0, 8.0, 0.8698, 0.1812, 0.0318, 0.2057, -1.0, -1.0, -1.0, -1.0
125.0, 16.0, 0.2583, 0.5424, 0.0079, 0.078, -1.0, -1.0, -1.0, -1.0
125.0, 21.0, 0.1119, 0.582, 0.0521, 0.0794, -1.0, -1.0, -1.0, -1.0
125.0, 22.0, 0.0356, 0.5929, 0.075, 0.0877, -1.0, -1.0, -1.0, -1.0
126.0, 2.0, 0.8345, 0.2157, 0.0238, 0.1395, -1.0, -1.0, -1.0, -1.0
126.0, 3.0, 0.0782, 0.4047, 0.0114, 0.0669, -1.0, -1.0, -1.0, -1.0
126.0, 4.0, 0.3468, 0.1993, 0.0241, 0.1546, -1.0, -1.0, -1.0, -1.0
126.0, 5.0, 0.2745, 0.1954, 0.0234, 0.1456, -1.0, -1.0, -1.0, -1.0
126.0, 6.0, 0.3113, 0.1662, 0.027, 0.248, -1.0, -1.0, -1.0, -1.0
126.0, 8.0, 0.8698, 0.1785, 0.0318, 0.2057, -1.0, -1.0, -1.0, -1.0
126.0, 16.0, 0.2576, 0.5426, 0.0093, 0.0782, -1.0, -1.0, -1.0, -1.0
126.0, 21.0, 0.1087, 0.5861, 0.0604, 0.0801, -1.0, -1.0, -1.0, -1.0
126.0, 22.0, 0.0252, 0.5904, 0.0394, 0.07, -1.0, -1.0, -1.0, -1.0
127.0, 2.0, 0.8344, 0.2168, 0.0234, 0.1367, -1.0, -1.0, -1.0, -1.0
127.0, 3.0, 0.0777, 0.4047, 0.0123, 0.067, -1.0, -1.0, -1.0, -1.0
127.0, 4.0, 0.3467, 0.1992, 0.024, 0.1546, -1.0, -1.0, -1.0, -1.0
127.0, 5.0, 0.2745, 0.1955, 0.0235, 0.1457, -1.0, -1.0, -1.0, -1.0
127.0, 6.0, 0.3113, 0.1662, 0.027, 0.248, -1.0, -1.0, -1.0, -1.0
127.0, 8.0, 0.8698, 0.1812, 0.0318, 0.2057, -1.0, -1.0, -1.0, -1.0
127.0, 16.0, 0.2584, 0.5424, 0.008, 0.078, -1.0, -1.0, -1.0, -1.0
127.0, 21.0, 0.1051, 0.5896, 0.067, 0.0802, -1.0, -1.0, -1.0, -1.0
127.0, 22.0, 0.0072, 0.5962, 0.0276, 0.069, -1.0, -1.0, -1.0, -1.0
128.0, 2.0, 0.8346, 0.2157, 0.0239, 0.1396, -1.0, -1.0, -1.0, -1.0
128.0, 3.0, 0.0777, 0.4047, 0.0122, 0.0669, -1.0, -1.0, -1.0, -1.0
128.0, 4.0, 0.347, 0.1992, 0.0238, 0.1546, -1.0, -1.0, -1.0, -1.0
128.0, 5.0, 0.2746, 0.1969, 0.0237, 0.1485, -1.0, -1.0, -1.0, -1.0
128.0, 6.0, 0.3113, 0.1662, 0.027, 0.248, -1.0, -1.0, -1.0, -1.0
128.0, 8.0, 0.8698, 0.1812, 0.0318, 0.2057, -1.0, -1.0, -1.0, -1.0
128.0, 16.0, 0.2583, 0.5426, 0.0084, 0.0781, -1.0, -1.0, -1.0, -1.0
128.0, 21.0, 0.0994, 0.5899, 0.0683, 0.0794, -1.0, -1.0, -1.0, -1.0
128.0, 22.0, 0.0063, 0.5964, 0.0284, 0.0649, -1.0, -1.0, -1.0, -1.0
129.0, 2.0, 0.8345, 0.2168, 0.0234, 0.1367, -1.0, -1.0, -1.0, -1.0
129.0, 3.0, 0.0777, 0.4047, 0.0123, 0.067, -1.0, -1.0, -1.0, -1.0
129.0, 4.0, 0.3467, 0.198, 0.0242, 0.1574, -1.0, -1.0, -1.0, -1.0
129.0, 5.0, 0.2745, 0.1954, 0.0234, 0.1456, -1.0, -1.0, -1.0, -1.0
129.0, 6.0, 0.3113, 0.1662, 0.027, 0.248, -1.0, -1.0, -1.0, -1.0
129.0, 8.0, 0.8698, 0.1812, 0.0318, 0.2057, -1.0, -1.0, -1.0, -1.0
129.0, 16.0, 0.2583, 0.5438, 0.0098, 0.0754, -1.0, -1.0, -1.0, -1.0
129.0, 21.0, 0.0928, 0.593, 0.0741, 0.0784, -1.0, -1.0, -1.0, -1.0
129.0, 22.0, 0.0044, 0.5968, 0.0295, 0.0622, -1.0, -1.0, -1.0, -1.0
130.0, 2.0, 0.8352, 0.2169, 0.0226, 0.1367, -1.0, -1.0, -1.0, -1.0
130.0, 3.0, 0.0777, 0.4047, 0.0122, 0.067, -1.0, -1.0, -1.0, -1.0
130.0, 4.0, 0.3469, 0.1992, 0.0237, 0.1545, -1.0, -1.0, -1.0, -1.0
130.0, 5.0, 0.2745, 0.1955, 0.0236, 0.1457, -1.0, -1.0, -1.0, -1.0
130.0, 6.0, 0.3113, 0.1662, 0.027, 0.248, -1.0, -1.0, -1.0, -1.0
130.0, 8.0, 0.8694, 0.1812, 0.0326, 0.2057, -1.0, -1.0, -1.0, -1.0
130.0, 16.0, 0.2579, 0.5427, 0.0093, 0.0782, -1.0, -1.0, -1.0, -1.0
130.0, 22.0, 0.002, 0.5945, 0.0268, 0.0591, -1.0, -1.0, -1.0, -1.0
131.0, 2.0, 0.8348, 0.2169, 0.023, 0.1369, -1.0, -1.0, -1.0, -1.0
131.0, 3.0, 0.0777, 0.4047, 0.0123, 0.067, -1.0, -1.0, -1.0, -1.0
131.0, 4.0, 0.3464, 0.1993, 0.0249, 0.1547, -1.0, -1.0, -1.0, -1.0
131.0, 5.0, 0.2742, 0.1955, 0.0243, 0.1457, -1.0, -1.0, -1.0, -1.0
131.0, 6.0, 0.3113, 0.1662, 0.027, 0.248, -1.0, -1.0, -1.0, -1.0
131.0, 8.0, 0.8698, 0.1812, 0.0318, 0.2057, -1.0, -1.0, -1.0, -1.0
131.0, 16.0, 0.2585, 0.5425, 0.0098, 0.0781, -1.0, -1.0, -1.0, -1.0
131.0, 22.0, 0.0012, 0.5918, 0.0231, 0.0545, -1.0, -1.0, -1.0, -1.0
132.0, 2.0, 0.8348, 0.2168, 0.0232, 0.1366, -1.0, -1.0, -1.0, -1.0
132.0, 3.0, 0.0777, 0.4047, 0.0123, 0.067, -1.0, -1.0, -1.0, -1.0
132.0, 4.0, 0.3463, 0.1992, 0.0248, 0.1546, -1.0, -1.0, -1.0, -1.0
132.0, 5.0, 0.2746, 0.1955, 0.0235, 0.1457, -1.0, -1.0, -1.0, -1.0
132.0, 6.0, 0.3113, 0.1662, 0.027, 0.248, -1.0, -1.0, -1.0, -1.0
132.0, 8.0, 0.8698, 0.1812, 0.0318, 0.2058, -1.0, -1.0, -1.0, -1.0
132.0, 16.0, 0.2582, 0.5427, 0.0102, 0.0782, -1.0, -1.0, -1.0, -1.0
132.0, 22.0, 0.0032, 0.5867, 0.0156, 0.0492, -1.0, -1.0, -1.0, -1.0
133.0, 2.0, 0.8348, 0.2168, 0.0229, 0.1369, -1.0, -1.0, -1.0, -1.0
133.0, 3.0, 0.0777, 0.4048, 0.0123, 0.067, -1.0, -1.0, -1.0, -1.0
133.0, 4.0, 0.3465, 0.1992, 0.0248, 0.1546, -1.0, -1.0, -1.0, -1.0
133.0, 5.0, 0.2745, 0.1955, 0.0236, 0.1457, -1.0, -1.0, -1.0, -1.0
133.0, 6.0, 0.3113, 0.1662, 0.027, 0.248, -1.0, -1.0, -1.0, -1.0
133.0, 8.0, 0.8698, 0.1812, 0.0318, 0.2057, -1.0, -1.0, -1.0, -1.0
133.0, 16.0, 0.2584, 0.5425, 0.0098, 0.0781, -1.0, -1.0, -1.0, -1.0
133.0, 22.0, 0.008, 0.5801, 0.005, 0.0416, -1.0, -1.0, -1.0, -1.0
134.0, 2.0, 0.8329, 0.2195, 0.0217, 0.1366, -1.0, -1.0, -1.0, -1.0
134.0, 3.0, 0.0777, 0.4048, 0.0123, 0.067, -1.0, -1.0, -1.0, -1.0
134.0, 4.0, 0.3462, 0.1993, 0.025, 0.1547, -1.0, -1.0, -1.0, -1.0
134.0, 5.0, 0.2741, 0.1955, 0.0243, 0.1457, -1.0, -1.0, -1.0, -1.0
134.0, 6.0, 0.3113, 0.1662, 0.027, 0.248, -1.0, -1.0, -1.0, -1.0
134.0, 8.0, 0.869, 0.1785, 0.0318, 0.2057, -1.0, -1.0, -1.0, -1.0
134.0, 16.0, 0.258, 0.5426, 0.0091, 0.0781, -1.0, -1.0, -1.0, -1.0
135.0, 2.0, 0.8348, 0.2168, 0.0228, 0.1368, -1.0, -1.0, -1.0, -1.0
135.0, 3.0, 0.0777, 0.4048, 0.0123, 0.067, -1.0, -1.0, -1.0, -1.0
135.0, 4.0, 0.3464, 0.1993, 0.0248, 0.1546, -1.0, -1.0, -1.0, -1.0
135.0, 5.0, 0.2745, 0.1955, 0.0235, 0.1457, -1.0, -1.0, -1.0, -1.0
135.0, 6.0, 0.3113, 0.1662, 0.027, 0.248, -1.0, -1.0, -1.0, -1.0
135.0, 8.0, 0.8694, 0.1812, 0.0326, 0.2057, -1.0, -1.0, -1.0, -1.0
135.0, 16.0, 0.2579, 0.5426, 0.0092, 0.0781, -1.0, -1.0, -1.0, -1.0
136.0, 2.0, 0.8345, 0.2168, 0.0235, 0.1367, -1.0, -1.0, -1.0, -1.0
136.0, 3.0, 0.0772, 0.4048, 0.0132, 0.067, -1.0, -1.0, -1.0, -1.0
136.0, 4.0, 0.3468, 0.1993, 0.0241, 0.1546, -1.0, -1.0, -1.0, -1.0
136.0, 5.0, 0.2745, 0.1955, 0.0236, 0.1457, -1.0, -1.0, -1.0, -1.0
136.0, 6.0, 0.3113, 0.1648, 0.0268, 0.2452, -1.0, -1.0, -1.0, -1.0
136.0, 8.0, 0.8698, 0.1812, 0.0318, 0.2057, -1.0, -1.0, -1.0, -1.0
136.0, 16.0, 0.258, 0.5426, 0.0091, 0.0781, -1.0, -1.0, -1.0, -1.0
137.0, 2.0, 0.8349, 0.2168, 0.0227, 0.1367, -1.0, -1.0, -1.0, -1.0
137.0, 3.0, 0.0777, 0.4047, 0.0122, 0.0669, -1.0, -1.0, -1.0, -1.0
137.0, 4.0, 0.3463, 0.1993, 0.0249, 0.1547, -1.0, -1.0, -1.0, -1.0
137.0, 5.0, 0.2745, 0.1955, 0.0235, 0.1457, -1.0, -1.0, -1.0, -1.0
137.0, 6.0, 0.3114, 0.1662, 0.027, 0.248, -1.0, -1.0, -1.0, -1.0
137.0, 8.0, 0.8694, 0.1785, 0.0326, 0.2057, -1.0, -1.0, -1.0, -1.0
137.0, 16.0, 0.2575, 0.5427, 0.0101, 0.0782, -1.0, -1.0, -1.0, -1.0
138.0, 2.0, 0.8345, 0.2168, 0.0234, 0.1367, -1.0, -1.0, -1.0, -1.0
138.0, 3.0, 0.0777, 0.4048, 0.0123, 0.067, -1.0, -1.0, -1.0, -1.0
138.0, 4.0, 0.3463, 0.2007, 0.0251, 0.1574, -1.0, -1.0, -1.0, -1.0
138.0, 5.0, 0.2745, 0.1969, 0.0238, 0.1485, -1.0, -1.0, -1.0, -1.0
138.0, 6.0, 0.3113, 0.1661, 0.0269, 0.248, -1.0, -1.0, -1.0, -1.0
138.0, 8.0, 0.8693, 0.1812, 0.0326, 0.2058, -1.0, -1.0, -1.0, -1.0
138.0, 16.0, 0.2575, 0.5414, 0.0102, 0.0809, -1.0, -1.0, -1.0, -1.0
139.0, 2.0, 0.8345, 0.2156, 0.0237, 0.1395, -1.0, -1.0, -1.0, -1.0
139.0, 3.0, 0.0777, 0.4048, 0.0123, 0.067, -1.0, -1.0, -1.0, -1.0
139.0, 4.0, 0.3463, 0.1992, 0.0247, 0.1546, -1.0, -1.0, -1.0, -1.0
139.0, 5.0, 0.2745, 0.1954, 0.0234, 0.1456, -1.0, -1.0, -1.0, -1.0
139.0, 6.0, 0.3115, 0.1662, 0.0271, 0.248, -1.0, -1.0, -1.0, -1.0
139.0, 8.0, 0.8694, 0.1812, 0.0326, 0.2057, -1.0, -1.0, -1.0, -1.0
139.0, 16.0, 0.2576, 0.5425, 0.0098, 0.0781, -1.0, -1.0, -1.0, -1.0
140.0, 2.0, 0.8345, 0.2168, 0.0233, 0.1367, -1.0, -1.0, -1.0, -1.0
140.0, 3.0, 0.0777, 0.4048, 0.0123, 0.067, -1.0, -1.0, -1.0, -1.0
140.0, 4.0, 0.3463, 0.1993, 0.0249, 0.1546, -1.0, -1.0, -1.0, -1.0
140.0, 5.0, 0.2745, 0.1969, 0.0238, 0.1485, -1.0, -1.0, -1.0, -1.0
140.0, 6.0, 0.3113, 0.1662, 0.0269, 0.248, -1.0, -1.0, -1.0, -1.0
140.0, 8.0, 0.8698, 0.1812, 0.0318, 0.2058, -1.0, -1.0, -1.0, -1.0
140.0, 16.0, 0.2569, 0.5415, 0.0096, 0.0809, -1.0, -1.0, -1.0, -1.0
141.0, 2.0, 0.8346, 0.2169, 0.0236, 0.1368, -1.0, -1.0, -1.0, -1.0
141.0, 3.0, 0.0777, 0.4048, 0.0123, 0.067, -1.0, -1.0, -1.0, -1.0
141.0, 4.0, 0.3464, 0.1992, 0.0247, 0.1546, -1.0, -1.0, -1.0, -1.0
141.0, 5.0, 0.2741, 0.1954, 0.0241, 0.1455, -1.0, -1.0, -1.0, -1.0
141.0, 6.0, 0.3115, 0.1662, 0.0271, 0.248, -1.0, -1.0, -1.0, -1.0
141.0, 8.0, 0.8694, 0.1812, 0.0326, 0.2058, -1.0, -1.0, -1.0, -1.0
141.0, 16.0, 0.2574, 0.5411, 0.0089, 0.0807, -1.0, -1.0, -1.0, -1.0
142.0, 2.0, 0.8349, 0.2168, 0.0226, 0.1367, -1.0, -1.0, -1.0, -1.0
142.0, 3.0, 0.0777, 0.4048, 0.0123, 0.067, -1.0, -1.0, -1.0, -1.0
142.0, 4.0, 0.3464, 0.1993, 0.0249, 0.1547, -1.0, -1.0, -1.0, -1.0
142.0, 5.0, 0.2745, 0.1954, 0.0236, 0.1457, -1.0, -1.0, -1.0, -1.0
142.0, 6.0, 0.3113, 0.1661, 0.0269, 0.248, -1.0, -1.0, -1.0, -1.0
142.0, 8.0, 0.8694, 0.1812, 0.0326, 0.2057, -1.0, -1.0, -1.0, -1.0
142.0, 16.0, 0.2569, 0.5416, 0.0097, 0.0809, -1.0, -1.0, -1.0, -1.0
143.0, 2.0, 0.835, 0.2169, 0.0227, 0.1367, -1.0, -1.0, -1.0, -1.0
143.0, 3.0, 0.0777, 0.4048, 0.0123, 0.067, -1.0, -1.0, -1.0, -1.0
143.0, 4.0, 0.3463, 0.1993, 0.0248, 0.1546, -1.0, -1.0, -1.0, -1.0
143.0, 5.0, 0.274, 0.1955, 0.0244, 0.1457, -1.0, -1.0, -1.0, -1.0
143.0, 6.0, 0.3114, 0.1662, 0.027, 0.248, -1.0, -1.0, -1.0, -1.0
143.0, 8.0, 0.8698, 0.1812, 0.0318, 0.2057, -1.0, -1.0, -1.0, -1.0
143.0, 16.0, 0.2572, 0.5412, 0.0091, 0.0808, -1.0, -1.0, -1.0, -1.0
144.0, 2.0, 0.8329, 0.2195, 0.022, 0.1368, -1.0, -1.0, -1.0, -1.0
144.0, 3.0, 0.0769, 0.4048, 0.0123, 0.067, -1.0, -1.0, -1.0, -1.0
144.0, 4.0, 0.3464, 0.1993, 0.0248, 0.1546, -1.0, -1.0, -1.0, -1.0
144.0, 5.0, 0.2745, 0.1969, 0.0237, 0.1485, -1.0, -1.0, -1.0, -1.0
144.0, 6.0, 0.3114, 0.1662, 0.027, 0.248, -1.0, -1.0, -1.0, -1.0
144.0, 8.0, 0.8698, 0.1812, 0.0318, 0.2057, -1.0, -1.0, -1.0, -1.0
144.0, 16.0, 0.2574, 0.5427, 0.0101, 0.0782, -1.0, -1.0, -1.0, -1.0
145.0, 2.0, 0.8347, 0.2156, 0.0236, 0.1394, -1.0, -1.0, -1.0, -1.0
145.0, 3.0, 0.0769, 0.4048, 0.0123, 0.067, -1.0, -1.0, -1.0, -1.0
145.0, 4.0, 0.3464, 0.1978, 0.0246, 0.1518, -1.0, -1.0, -1.0, -1.0
145.0, 5.0, 0.2744, 0.1969, 0.0236, 0.1484, -1.0, -1.0, -1.0, -1.0
145.0, 6.0, 0.311, 0.1648, 0.0261, 0.2452, -1.0, -1.0, -1.0, -1.0
145.0, 8.0, 0.8698, 0.1785, 0.0318, 0.2057, -1.0, -1.0, -1.0, -1.0
145.0, 16.0, 0.2571, 0.5427, 0.0093, 0.0781, -1.0, -1.0, -1.0, -1.0
146.0, 2.0, 0.8349, 0.2156, 0.0245, 0.1396, -1.0, -1.0, -1.0, -1.0
146.0, 3.0, 0.0768, 0.4035, 0.0124, 0.0697, -1.0, -1.0, -1.0, -1.0
146.0, 4.0, 0.3477, 0.1989, 0.0233, 0.1436, -1.0, -1.0, -1.0, -1.0
146.0, 5.0, 0.2745, 0.1954, 0.0233, 0.1456, -1.0, -1.0, -1.0, -1.0
146.0, 6.0, 0.311, 0.1661, 0.0259, 0.2425, -1.0, -1.0, -1.0, -1.0
146.0, 8.0, 0.8699, 0.1772, 0.0317, 0.2083, -1.0, -1.0, -1.0, -1.0
146.0, 16.0, 0.2567, 0.5426, 0.0099, 0.0781, -1.0, -1.0, -1.0, -1.0
