0 0 0.302725844605475 0.6054999346666666 0.1276015185185185 0.34832175199999993 8
0 1 0.6717921610305958 0.7140426013333333 0.15579124798711752 0.566581464 2
0 2 0.9301964251207728 0.653937268 0.07917337842190031 0.41946489866666664 4
1 0 0.300764289452496 0.5875273666666666 0.12665132125603867 0.3429253679999999 8
1 1 0.6778811831723028 0.707190876 0.15605683172302742 0.5802849146666667 2
1 2 0.9507569633655395 0.646692316 0.06843486714975833 0.4353982373333334 4
2 0 0.2988537781803543 0.570099252 0.12573725040257647 0.33769104266666666 8
2 1 0.6839648039452496 0.7003313533333333 0.1563256095008052 0.59400396 2
2 2 0.9561390579710145 0.6386792146666667 0.05823939935587774 0.45264602933333326 4
3 0 0.29699229710144925 0.5531915773333334 0.1248573220611916 0.33261159199999996 8
3 1 0.690042980273752 0.693464452 0.15659706682769725 0.6077377626666667 2
3 2 0.9645075599838969 0.6266506813333335 0.0693745740740741 0.4620431066666667 4
4 0 0.295762787037037 0.5548207013333333 0.12407374798711754 0.32755083733333334 8
4 1 0.6961156674718196 0.6865905973333333 0.15687069404186793 0.621485472 2
4 2 0.9749094343800322 0.6347206493333333 0.048570825281803565 0.4639731226666667 4
5 0 0.2945652733494364 0.5564005093333333 0.12331527777777776 0.3226394186666667 8
5 1 0.6966143023349436 0.690740032 0.15953779951690816 0.6131866026666666 2
5 2 0.9861253240740742 0.6426916413333333 0.026139045893719737 0.46548428533333325 4
5 3 0.33308566586151367 0.47390718666666665 0.06833624154589374 0.11323486933333338 8
6 0 0.2928223647342995 0.5514070506666666 0.12180557004830914 0.31821930666666665 8
6 1 0.6970882516103059 0.69483278 0.16208453703703707 0.6050011066666666 2
6 3 0.3397389774557166 0.481212604 0.06854135748792273 0.11364275466666668 8
7 0 0.29113341344605476 0.55339872 0.12034484621578101 0.313941904 8
7 1 0.6975379915458937 0.6988689386666667 0.16451099919484702 0.5969287893333333 2
7 3 0.3464530688405797 0.4886170053333334 0.068745269726248 0.1141078186666667 8
8 0 0.28949181280193237 0.5595811933333333 0.11892869001610307 0.30979213066666667 8
8 1 0.6979640309983897 0.7028486493333332 0.16681735346215787 0.588969368 2
8 3 0.3532287604669887 0.49614289066666667 0.06894831964573267 0.11467349333333343 8
9 0 0.287874211352657 0.557772744 0.11754477697262478 0.305724528 8
9 1 0.6983669118357487 0.7067721 0.16900383977455713 0.5811224666666667 2
9 3 0.360066884863124 0.5037428666666667 0.06915086312399354 0.11524341866666665 8
10 0 0.2863232185990338 0.5724242253333334 0.11621271256038654 0.30181603466666673 8
10 1 0.6959501976650564 0.707156088 0.16681889935587768 0.5803544906666667 2
10 3 0.3669682934782609 0.5114177546666667 0.06935326650563611 0.115817632 8
11 0 0.2850851610305958 0.5715747666666666 0.11535079227053141 0.2984502533333333 8
11 1 0.6935898240740741 0.70753044 0.1646969009661835 0.5796057866666666 2
11 3 0.37258611352657006 0.5098866733333334 0.06979118196457323 0.11659255200000007 8
12 0 0.2838712214170692 0.5707439400000001 0.1145099533011272 0.29515828 8
12 1 0.6912838128019324 0.7078955133333333 0.1626352616747182 0.5788756399999999 2
12 3 0.3782748953301127 0.5083346266666666 0.07022972946859896 0.11737659733333333 8
13 0 0.2826806948470209 0.5699311413333333 0.11368944122383251 0.29193771199999996 8
13 1 0.6890302789855072 0.7082516506666666 0.16063153542673103 0.5781633653333333 2
13 3 0.3840359774557166 0.5067612373333333 0.07066919645732689 0.1181699200000001 8
14 0 0.2815129009661836 0.5691357893333333 0.11288853784219002 0.28878625599999996 8
14 1 0.6868274255233494 0.7085991746666667 0.15868340016103066 0.5774683173333333 2
14 3 0.38987072987117555 0.50516612 0.07110988647342997 0.11897269333333332 8
15 0 0.28036718760064416 0.5683573266666666 0.11210655394524965 0.2857017093333333 8
15 1 0.6817756783413849 0.7145609213333333 0.15811448550724638 0.565544824 2
15 3 0.39578056078904994 0.5035488813333333 0.07155211674718198 0.1197850800000001 8
16 0 0.27935191948470206 0.5493354186666667 0.11009876650563605 0.28306737600000004 8
16 1 0.6768535728663446 0.720311904 0.15753577858293077 0.5540428586666666 2
16 3 0.40194675201288244 0.5047428613333333 0.07197789371980684 0.12061205866666674 8
17 0 0.2784077677133655 0.5621000946666667 0.10814298631239933 0.280575048 8
17 1 0.6720560756843801 0.7258616813333333 0.15694514653784208 0.542943304 2
17 3 0.4081935475040258 0.5059531173333333 0.07240584541062806 0.12144913600000001 8
18 0 0.27845723792270527 0.5797146706666667 0.10628672705314007 0.27785188533333327 8
18 1 0.6673784436392914 0.7312192959999999 0.1563406231884057 0.5322280746666667 2
18 3 0.41448966384863123 0.5184000346666666 0.0728566771336554 0.12233437333333325 8
19 0 0.2785054307568438 0.5966581599999999 0.10445770853462158 0.2758361119999999 8
19 1 0.6628161988727859 0.7363933106666667 0.1557203880837359 0.5218800453333332 2
19 3 0.42087210225442834 0.5310274013333334 0.0733105716586151 0.12323117066666672 8
20 0 0.2785523892914654 0.6129996786666667 0.10265527938808375 0.274407192 8
20 1 0.6558098711755234 0.7352495706666666 0.15456442673107895 0.5241675253333333 2
20 3 0.427342632447665 0.5431298613333333 0.0737679444444444 0.12555749333333338 8
21 0 0.28077894726247987 0.6060165133333333 0.0992314130434783 0.2714437946666667 8
21 1 0.6489879935587761 0.7341475146666666 0.15344143317230263 0.5263716373333334 2
21 3 0.43482362882447667 0.5385039573333333 0.07406753140096617 0.12568710400000005 8
22 0 0.28295075764895333 0.5945850426666666 0.09583676811594202 0.26825394133333325 8
22 1 0.6423432701288245 0.7330852373333333 0.15234704750402583 0.528496192 2
22 3 0.4423926115136876 0.5338199066666667 0.0743715450885668 0.1258169653333333 8
23 0 0.285077731078905 0.5833389266666666 0.09247455233494364 0.2651581306666666 8
23 1 0.6358524710144928 0.732060936 0.15124450885668284 0.5305447946666666 2
23 3 0.45005112600644126 0.5288271826666667 0.07468053703703698 0.1264463013333333 8
24 0 0.28718272544283413 0.583733828 0.08915309500805149 0.26283151199999993 8
24 1 0.6295181763285025 0.7310729039999999 0.15014817874396147 0.5325208586666667 2
24 3 0.4578007536231884 0.5236968706666667 0.07499508051529796 0.12723110133333326 8
25 0 0.2892454186795491 0.58411898 0.08586282608695653 0.2605241039999999 8
25 1 0.6200354323671498 0.7279200506666667 0.1465150933977457 0.5376452906666667 2
25 3 0.4640518603059581 0.5185625066666667 0.07581048389694034 0.12862923199999998 8
26 0 0.2931968119967794 0.5543594453333334 0.08152916505636076 0.2570026026666668 8
26 1 0.6107935471014492 0.7183276773333334 0.14300872705314005 0.5295836213333333 2
26 3 0.4680488425925926 0.5137783826666666 0.07736940821256044 0.13094562399999998 8
27 0 0.29708603542673107 0.5380498613333333 0.07724790821256033 0.25427431999999994 8
27 1 0.6017834110305957 0.7090021226666667 0.13962305233494365 0.5217607466666666 2
27 3 0.47695170692431565 0.5079455373333333 0.07747576972624803 0.13151462666666658 8
28 0 0.300931212962963 0.5430879613333333 0.0730237592592593 0.2516280453333334 8
28 1 0.5929963727858293 0.6999324093333333 0.13635239774557162 0.5141662586666667 2
28 3 0.4836089271336554 0.5024554213333333 0.07832715539452495 0.13300380799999995 8
29 0 0.30465469363929143 0.544166116 0.07091912318840582 0.24875098933333328 8
29 1 0.5844242069243156 0.6910761226666666 0.13319142834138487 0.5068543733333333 2
29 3 0.4904103011272142 0.49683894399999995 0.07919212077294685 0.13452533333333333 8
30 0 0.3076263611111111 0.5491984040000001 0.07018331320450882 0.246141432 8
30 1 0.5756254400161032 0.68699776 0.12944599436392912 0.5011761653333333 2
30 3 0.4973605442834139 0.491091924 0.08007154589371984 0.13608026400000006 8
31 0 0.3124162375201288 0.5452776666666667 0.06939457326892112 0.24351052266666673 8
31 1 0.5669930068438003 0.6830050213333333 0.12573810225442839 0.4956123626666666 2
31 3 0.504957767310789 0.4909490906666667 0.08098807568438005 0.13770047466666663 8
32 0 0.31752130676328505 0.5429103253333334 0.06854775362318838 0.241072528 8
32 1 0.5585222624798711 0.67909536 0.1220679130434782 0.4901595733333333 2
32 3 0.5127281107085346 0.4908025773333333 0.08192229549114322 0.13935756000000005 8
33 0 0.32571974516908214 0.54351026 0.07128007971014494 0.23864172533333333 8
33 1 0.5502087395330113 0.6752659120000001 0.11843556119162635 0.4848153813333334 2
33 3 0.5206775326086956 0.4906522546666666 0.08287546618357489 0.14105279199999993 8
34 0 0.33319125684380035 0.5386746053333333 0.0737308003220612 0.23653361066666662 8
34 1 0.5420481344605474 0.6715020826666667 0.11484114975845405 0.4796011253333334 2
34 3 0.5288122677133655 0.490497984 0.08384893317230269 0.14278750400000012 8
35 0 0.3409747278582931 0.540306676 0.0786577085346215 0.23498342133333333 8
35 1 0.5357584545088567 0.6709217506666667 0.11196976247987123 0.47731794933333344 2
35 3 0.537138846215781 0.49033962266666664 0.08484413848631239 0.14456310666666677 8
36 0 0.350875673510467 0.5347499933333333 0.08159602012882444 0.2328902106666667 8
36 1 0.529516843800322 0.6703425653333333 0.10907595330112718 0.47504168 2
36 3 0.547240018921095 0.4922620386666666 0.08633965942028987 0.14709379999999989 8
37 0 0.36065914090177137 0.529267764 0.08442712399355878 0.23081506399999996 8
37 1 0.5233227757648953 0.6697645693333333 0.10616122946859907 0.47277240266666665 2
37 3 0.5576812950885668 0.4942523813333333 0.08788195571658608 0.14971064533333334 8
38 0 0.37171717230273754 0.5323642733333334 0.08606890499194852 0.22960439733333332 8
38 1 0.5171757403381643 0.6691878026666667 0.10322708132045083 0.47051020800000004 2
38 3 0.5684800837359099 0.49631417066666667 0.08947508373590984 0.15241813866666665 8
39 0 0.38270117713365537 0.53542658 0.08768008856682769 0.2283367386666666 8
39 1 0.5110752383252818 0.6686123066666667 0.10027497423510473 0.46825518400000005 2
39 3 0.579655000805153 0.49845117333333333 0.09112349114331719 0.15522109333333334 8
40 0 0.39361198953301124 0.538453872 0.08926412721417071 0.2270143466666667 8
40 1 0.5098184182769726 0.672631752 0.0996425273752013 0.4696036 2
40 3 0.5912259859098228 0.5006674306666666 0.09283206843800318 0.15812466399999997 8
41 0 0.40688162560386476 0.5423780306666667 0.09047992431562002 0.22659968266666658 8
41 1 0.5085547536231884 0.6766724786666667 0.09899929307568439 0.4709523066666667 2
41 3 0.6032144170692432 0.50296728 0.09460619001610304 0.16113439466666674 8
42 0 0.4201289549114332 0.5465083386666667 0.09169816586151375 0.22657724266666668 8
42 1 0.5072841896135266 0.6807346133333333 0.0983452181964573 0.47230123199999996 2
42 3 0.6156432262479872 0.5053553786666667 0.09645177777777769 0.16425623466666656 8
43 0 0.4333539049919485 0.5506258546666667 0.09292424154589374 0.22651374133333324 8
43 1 0.5060066678743962 0.684818272 0.09768024879227061 0.47365030399999997 2
43 3 0.6285370877616747 0.5078367493333333 0.09837536231884059 0.16749660266666672 8
44 0 0.4489485418679549 0.5486085266666666 0.09311404186795491 0.22639607199999995 8
44 1 0.5047221328502415 0.6889235853333333 0.09700433172302736 0.4749994426666667 2
44 3 0.6419225261674719 0.5104167933333333 0.10038415378421905 0.17086240266666658 8
45 0 0.46451109782608696 0.546584884 0.09336064492753626 0.22624819999999995 8
45 1 0.5089862190016103 0.6872328306666666 0.09637657326892113 0.47650792266666664 2
45 3 0.6558281614331722 0.5131013493333334 0.10248612962962966 0.17436109866666666 8
46 0 0.4813687769726248 0.5433157946666667 0.09384099033816434 0.22689996266666673 8
46 1 0.5132749657809984 0.685519432 0.0957460909822867 0.47801634666666665 2
46 3 0.6708360080515299 0.510966152 0.10518736553945252 0.17857549866666667 8
47 0 0.4983007524154589 0.5400193626666667 0.09438390740740749 0.22752228799999996 8
47 1 0.5175886103059582 0.6837832906666667 0.09511290821256035 0.47952476800000005 2
47 3 0.6865500108695652 0.5087235893333334 0.10803927777777778 0.18299126933333337 8
48 0 0.5153073425925926 0.5366966879999999 0.09499719082125596 0.22811457599999996 8
48 1 0.5219273921095008 0.6820243159999999 0.0944770450885668 0.4810332346666667 2
48 3 0.7030211425120773 0.506365768 0.11105831561996782 0.18762326933333345 8
49 0 0.5323889235104671 0.533348924 0.09568851368760073 0.22867628533333334 8
49 1 0.526291555958132 0.6802424266666667 0.09383850805152977 0.48254179733333324 2
49 3 0.7203054118357488 0.5038840013333333 0.11426308132045082 0.1924878533333334 8
50 0 0.549545941626409 0.5299772666666667 0.09646540982286633 0.2292069226666667 8
50 1 0.534196246779388 0.6792021506666667 0.09288094605475034 0.48318114933333334 2
50 3 0.738464516505636 0.501268704 0.11767467874396143 0.197603072 8
51 0 0.567592729468599 0.5288977653333333 0.09763920933977455 0.23028493333333322 8
51 1 0.5421237749597423 0.6781395546666666 0.09192514090177129 0.4837890133333333 2
51 3 0.754604482689211 0.5025748266666668 0.12139835990338166 0.20337458666666663 8
52 0 0.5858015881642512 0.5277999573333333 0.0989176030595813 0.23133430399999994 8
52 1 0.5500742504025764 0.677054884 0.09097007729468587 0.4843654426666668 2
52 3 0.77165590136876 0.5039584546666667 0.12536386876006445 0.20948682400000002 8
53 0 0.6041747733494364 0.5266840466666667 0.10031081239935591 0.23235423200000005 8
53 1 0.5580477789855072 0.675948412 0.09001469162640896 0.48491050399999996 2
53 3 0.78969818921095 0.505426664 0.1295986119162641 0.21597094933333333 8
54 0 0.6227146634460548 0.525550276 0.10182902415458939 0.23334397066666668 8
54 1 0.566044467793881 0.6748204333333334 0.08905785990338166 0.485424312 2
54 3 0.8088202753623188 0.5069874213333334 0.13413404025764886 0.222862032 8
55 0 0.6414237729468599 0.5243989093333333 0.10348237359098234 0.234302848 8
55 1 0.5791210925925926 0.6718889613333333 0.08295604991948458 0.4828843226666666 2
55 3 0.8291220841384863 0.5086497306666666 0.13900638888888894 0.23019972266666672 8
56 0 0.660556883252818 0.5240271893333333 0.10610238325281807 0.2356822506666666 8
56 1 0.5920846896135266 0.6694259986666666 0.07661004106280189 0.4812124613333334 2
56 3 0.8454060656199678 0.508980732 0.1433575837359099 0.23720391200000002 8
57 0 0.6799449830917874 0.5236401706666667 0.10889345893719804 0.23702393066666666 8
57 1 0.6042789033816425 0.668127124 0.07134325603864744 0.4817923973333333 2
57 3 0.8626318240740741 0.5093319333333333 0.14798889774557167 0.24464379200000008 8
58 0 0.6995937572463768 0.5232377773333333 0.11186978019323679 0.2383269146666666 8
58 1 0.6135925346215781 0.666691496 0.07139214492753632 0.48201546133333323 2
58 3 0.8808834899355877 0.509705292 0.1529298429951691 0.2525613573333334 8
59 0 0.7195091670692432 0.5228199653333333 0.11504551932367146 0.23959034666666662 8
59 1 0.6300889428341385 0.6616612973333333 0.07175542673107893 0.48239956 2
59 3 0.900255519726248 0.5101030333333334 0.1582141183574879 0.26100417333333337 8
60 0 0.7396974702093397 0.522386724 0.11843481320450888 0.24081352266666667 8
60 1 0.6430590249597423 0.6615602026666667 0.07233063607085344 0.48472445866666664 2
60 3 0.9190545100644123 0.5105276813333333 0.16028067391304346 0.27002634400000003 8
61 0 0.7580478824476651 0.5223395946666667 0.12127320933977459 0.24170073066666664 8
61 1 0.6561027286634461 0.6614273613333334 0.07291697906602246 0.48698746933333337 2
61 3 0.9243301058776168 0.5117205173333333 0.14972948228663452 0.2779787039999999 8
62 0 0.776595902173913 0.522284412 0.12429585587761682 0.2425577573333333 8
62 1 0.6695880527375201 0.6612621306666666 0.0742536658615136 0.48918617066666664 2
62 3 0.9298919452495974 0.5129858613333333 0.13860580354267316 0.28641337599999994 8
63 0 0.795345499194847 0.5222211173333333 0.12751121900161033 0.24338449066666662 8
63 1 0.6837479214975846 0.6610639333333332 0.07680958534621585 0.4913182559999999 2
63 3 0.9357639428341384 0.514330532 0.12686180837359107 0.295375608 8
64 0 0.8143007866344605 0.5221496586666667 0.13092762479871167 0.2441808906666666 8
64 1 0.6980177926731079 0.6608322506666666 0.07945847584541055 0.4933815466666666 2
64 3 0.9419727528180355 0.5157622319999999 0.11444418840579706 0.30491649600000004 8
65 0 0.8334660366344605 0.5220700093333333 0.1345532439613526 0.24494699466666658 8
65 1 0.7129994609500805 0.6616238640000001 0.0797648961352656 0.489928864 2
65 3 0.948548175925926 0.5172896946666666 0.10129334219001607 0.3150939546666667 8
66 0 0.8503575660225443 0.5244297853333334 0.13678859098228657 0.24526385866666672 8
66 1 0.7277976163446055 0.6623901733333333 0.08018888969404192 0.48648585066666666 2
66 3 0.951171111916264 0.520247696 0.09604747020933979 0.32340969599999997 8
67 0 0.8673496074879227 0.5267919186666666 0.1391647206119162 0.2455663013333333 8
67 1 0.7424160668276972 0.6631315013333333 0.08072731400966182 0.4830531466666667 2
67 3 0.9539242717391304 0.5229162013333333 0.09054115056360712 0.32937473866666667 8
68 0 0.880990768921095 0.5292071466666667 0.1399689645732689 0.24552388266666664 8
68 1 0.7568585265700484 0.6638481853333333 0.08137696940418682 0.4796313786666666 2
68 3 0.956817385668277 0.5257970599999999 0.08475492270531393 0.33475507466666665 8
69 0 0.8946501674718197 0.5316206373333334 0.1408338309178745 0.24547832000000003 8
69 1 0.7711286239935589 0.6645405693333334 0.08213460225442837 0.47622117599999997 2
69 3 0.9598611791465379 0.5287821506666667 0.07866733574879226 0.3403585093333333 8
70 0 0.9083279512882447 0.5340322973333334 0.1417596223832528 0.24542964 8
70 1 0.7803318152173913 0.6618772106666667 0.08074615700483079 0.4736428586666668 2
70 3 0.9630675028180354 0.5318779266666667 0.07225468840579707 0.3461983386666667 8
71 0 0.9177656582125604 0.531332076 0.14181815056360725 0.24420816266666662 8
71 1 0.7894472761674718 0.6592424093333333 0.07938838808373583 0.47109212533333333 2
71 3 0.9634235289855072 0.5348398626666666 0.07154263607085354 0.352627784 8
72 0 0.9271308035426731 0.528658152 0.14190719806763286 0.24299735466666667 8
72 1 0.7984762681159421 0.6566357079999999 0.0780606199677939 0.4685685413333333 2
72 3 0.963808148953301 0.537917736 0.07077339613526579 0.3593189706666667 8
73 0 0.932303059983897 0.5260101853333333 0.13378357407407404 0.24179708533333333 8
73 1 0.8074200241545894 0.6540566640000001 0.07676219484702096 0.4660716746666667 2
73 3 0.9642229609500805 0.541118692 0.069943772141707 0.3662878053333333 8
74 0 0.9355241099033816 0.5293814826666667 0.12734147423510467 0.2396026613333334 8
74 1 0.8165057866344605 0.6515048413333333 0.07594452495974247 0.4636011013333334 2
74 3 0.9646696964573269 0.5444504653333333 0.06905030112721411 0.37355153866666674 8
75 0 0.9386918727858293 0.532691648 0.12100594847020929 0.23744636800000007 8
75 1 0.8166951247987118 0.6523794293333334 0.07474504991948461 0.45593894933333334 2
75 3 0.9651502375201289 0.5479214626666666 0.06808921900161036 0.38112892533333337 8
76 0 0.939758210547504 0.5359836 0.1188732729468599 0.23382436266666662 8
76 1 0.8168791219806764 0.6532256853333333 0.07358286070853459 0.448525856 2
76 3 0.9628162041062802 0.5557136853333333 0.07275728582930752 0.3899228213333332 8
77 0 0.940810440016103 0.5391733533333333 0.11676881400966188 0.2303012559999999 8
77 1 0.817057999194847 0.65404496 0.07245623832528192 0.44134987200000014 2
77 3 0.9604171187600644 0.563849176 0.07755545652173912 0.3990339253333332 8
78 0 0.9418488502415459 0.5422650373333333 0.11469199355877624 0.22687294400000008 8
78 1 0.8172319641706924 0.6548385213333333 0.07136356763285012 0.43439979999999995 2
78 3 0.9579485458937198 0.572346748 0.08249260225442823 0.40847944266666664 8
79 0 0.9428737073268921 0.5452625493333333 0.11264227938808369 0.22353556266666658 8
79 1 0.8174012141706924 0.65560756 0.07030333011272138 0.427665136 2
79 3 0.9554057210144927 0.5812265413333333 0.0875782520128825 0.4182776693333333 8
80 0 0.9438852560386473 0.5481695853333334 0.11061918196457332 0.22028544266666672 8
80 1 0.8119296054750402 0.654783868 0.06870209339774569 0.41924444000000005 2
80 3 0.9527835181159421 0.5905101333333334 0.09282265780998378 0.42844804799999997 8
81 0 0.9410650016103059 0.5499520666666666 0.11316276650563606 0.21567373333333328 8
81 1 0.806681692431562 0.6581323880000001 0.06717602415458934 0.4111642000000001 2
81 3 0.9495332862318842 0.5911177786666666 0.09932312157809975 0.43998253866666664 8
82 0 0.9346998490338164 0.5516569 0.10826778663446035 0.21123959733333325 8
82 1 0.8016224931561997 0.6607056306666668 0.06571714573268927 0.4033835973333334 2
82 3 0.9461664609500806 0.5917119466666667 0.10605677214170683 0.4519880106666666 8
83 0 0.927028570853462 0.5471029333333334 0.10346900483091781 0.20655300800000004 8
83 1 0.7966903446054752 0.6516602493333332 0.06431483413848638 0.3958395013333333 2
83 3 0.9426742548309179 0.5922910693333333 0.11304118438003208 0.4644911573333333 8
84 0 0.9196853929146538 0.542742552 0.09887351046698878 0.20205899733333332 8
84 1 0.7919437628824477 0.645273368 0.06297351932367146 0.3885793386666667 2
84 3 0.939047135668277 0.592853324 0.12029542270531401 0.4775202266666666 8
85 0 0.9126497556360708 0.5385640786666667 0.09446635507246381 0.1977458479999999 8
85 1 0.7850783607085345 0.642287248 0.06156338003220607 0.381295792 2
85 3 0.9352747471819645 0.5933966066666666 0.12784019967793891 0.491105096 8
86 0 0.900584675120773 0.5372249426666666 0.08887454830917862 0.19261986933333336 8
86 1 0.7784541461352656 0.6394074653333334 0.060215459742350985 0.374271848 2
86 3 0.9331497600644122 0.5969459319999999 0.13209017391304356 0.50608548 8
87 0 0.8891205096618358 0.5359463946666667 0.08357333816425128 0.18773217600000003 8
87 1 0.7720587854267311 0.6366284413333334 0.058925453301127195 0.36749387999999994 2
87 3 0.9309259114331723 0.6006922226666667 0.1365378711755234 0.521906392 8
88 0 0.8782134778582931 0.534724328 0.07853581078904992 0.18306636800000003 8
88 1 0.7658807661030596 0.6339449813333333 0.057689419484702076 0.36094919466666675 2
88 3 0.9285927753623189 0.6046519693333333 0.1412041433172303 0.5386382426666665 8
89 0 0.8678239549114333 0.5335550200000001 0.07373832045088557 0.17860753866666668 8
89 1 0.7599093260869565 0.6313522466666667 0.05650373752012883 0.3546259653333333 2
89 3 0.9261386594202898 0.608843488 0.14611237520128817 0.5563592106666667 8
90 0 0.8579159762479871 0.5324350773333333 0.06916003462157816 0.17434211200000005 8
90 1 0.7533184907407409 0.629401 0.055422136070853445 0.349226992 2
90 3 0.9235504122383253 0.6132871693333333 0.15128886956521737 0.575156344 8
91 0 0.8439333651368759 0.5318025653333334 0.06469775120772947 0.17008363733333332 8
91 1 0.7469203534621578 0.6275080773333334 0.05438214170692435 0.3439894026666666 2
91 3 0.9242456670692432 0.6186491213333334 0.14989835990338163 0.5969959973333333 8
92 0 0.8305939166666667 0.531192968 0.06045876086956514 0.16600660266666672 8
92 1 0.7407065994363928 0.6256709053333334 0.05338150644122386 0.3389060666666666 2
92 3 0.9218889263285024 0.6244735613333332 0.15461184138486306 0.6207050693333332 8
93 0 0.8178541980676328 0.5306049413333334 0.056421837359098226 0.162099632 8
93 1 0.7346693876811594 0.6238870533333334 0.05241813768115933 0.3339702666666667 2
93 3 0.9172345213365539 0.6308223106666666 0.1639206513687601 0.6465326373333333 8
94 0 0.8056746018518519 0.53003726 0.05256831803542683 0.1583523013333334 8
94 1 0.7288013132045088 0.6221542306666668 0.05149008051529791 0.3291756773333333 2
94 3 0.9124055466988727 0.6377689973333334 0.17357860064412245 0.6747751146666667 8
95 0 0.7940189198872786 0.5294888026666666 0.04888177536231875 0.15475504533333329 8
95 1 0.722927888083736 0.6210029613333334 0.05114237842190017 0.3245426640000001 2
95 3 0.9073889319645733 0.6449206573333333 0.18361183011272142 0.704825352 8
96 0 0.7809774271336554 0.533763596 0.04639380434782614 0.15113737333333327 8
96 1 0.7175934754428341 0.619883368 0.051557408212560385 0.32003750933333336 2
96 3 0.9045355901771337 0.6427851653333333 0.18931851368760066 0.709096336 8
97 0 0.76900028784219 0.5378387280000001 0.04502699275362321 0.1476744213333333 8
97 1 0.7123937850241546 0.6187941586666666 0.051939378421900106 0.3156549946666667 2
97 3 0.9015254404186795 0.6403307746666667 0.19533881320450885 0.7140051173333333 8
98 0 0.7549207870370371 0.5357538786666667 0.04379012962962958 0.1447868186666666 8
98 1 0.7073237495974236 0.6177341026666667 0.05229025925925923 0.311390184 2
98 3 0.8983428293075685 0.6374886146666666 0.201704035426731 0.7196894373333333 8
99 0 0.7413529178743962 0.5337452693333333 0.04262369726247983 0.14200017066666665 8
99 1 0.7023785527375201 0.6167020426666667 0.05261188486312407 0.30723838933333336 2
99 3 0.8949697648953301 0.6341682853333334 0.20845016425120766 0.7263300959999999 8
100 0 0.7282704464573269 0.5318090266666666 0.04152174315619961 0.13930932266666662 8
100 1 0.6988170793075685 0.6146889733333334 0.05300307487922706 0.30471518400000003 2
100 3 0.8913854681964573 0.6302487586666666 0.21561875764895333 0.7341691493333333 8
101 0 0.7148885978260869 0.5291859613333334 0.04044849355877611 0.13664540533333336 8
101 1 0.6953093703703703 0.6127084026666666 0.05337748953301136 0.3022324693333333 2
101 3 0.8906016022544283 0.6218777106666666 0.21718648953301134 0.7509112453333333 8
102 0 0.7009622024959743 0.526653924 0.04142235024154595 0.13405932000000004 8
102 1 0.6918542085346215 0.6107595586666666 0.05373568599033818 0.29978927733333327 2
102 3 0.889776730273752 0.6114839853333334 0.21883623349436399 0.771698696 8
103 0 0.6874828558776167 0.5242092466666667 0.04241170370370373 0.13154806133333335 8
103 1 0.6884504150563607 0.608841688 0.054078200483091754 0.29738467733333335 2
103 3 0.8889057894524959 0.6075813493333333 0.22057811513687609 0.779503968 8
104 0 0.6732638530595814 0.5219983026666666 0.040230417874396074 0.12947025333333329 8
104 1 0.685096844605475 0.606954064 0.05440554589371982 0.2950177546666667 2
104 3 0.8879825942028985 0.6081589853333333 0.22242450563607086 0.778348696 8
105 0 0.6594572338969404 0.5198559533333333 0.03817429710144926 0.12745661599999997 8
105 1 0.682540229468599 0.60800574 0.054239067632850135 0.29344275999999997 2
105 3 0.8869995116747182 0.6076132679999999 0.22439067069243157 0.7794401306666666 8
106 0 0.6462605144927536 0.5195240586666667 0.038807621578099805 0.12575613866666668 8
106 1 0.6800086940418679 0.6090462026666666 0.05407275362318842 0.2918844106666667 2
106 3 0.8898472165861514 0.6097369653333333 0.21869526086956514 0.7751927359999999 8
107 0 0.6333724806763285 0.5193158106666667 0.03944283413848626 0.12432422933333331 8
107 1 0.6775018707729468 0.6100756346666667 0.053906617552334946 0.29034244266666676 2
107 3 0.8931446034621577 0.6107018133333333 0.21210048711755236 0.77326304 8
108 0 0.6207823039452496 0.5191073013333334 0.04008088647342989 0.12291245333333328 8
108 1 0.6750194001610306 0.611094204 0.053740674718196546 0.28881660000000003 2
108 3 0.8969993293075684 0.6106446613333333 0.2043910354267311 0.773377344 8
109 0 0.6084796453301127 0.5188985893333333 0.04072244685990334 0.12152030399999991 8
109 1 0.6725609287439613 0.6121020826666667 0.05357493639291455 0.28730663466666667 2
109 3 0.9015558574879228 0.6096320853333334 0.1952779790660225 0.775402496 8
109 5 0.7471981485507246 0.5751319746666667 0.08711618438003221 0.15223559733333336 1
110 0 0.5951871461352657 0.5185172666666666 0.03956051771336555 0.12043596266666662 8
110 1 0.6678572415458938 0.6102639906666667 0.050742484702093416 0.28618203999999997 2
110 3 0.9070126731078905 0.61058312 0.1843643478260869 0.7735004266666666 8
110 5 0.7388605374396136 0.5750979 0.08740894927536236 0.15530016799999996 1
111 0 0.582124770531401 0.5181420226666668 0.03845711916264094 0.11936914933333337 8
111 1 0.6631963228663447 0.608423912 0.047893020933977515 0.28502969066666667 2
111 3 0.9183747991143317 0.6069419893333333 0.1616400958132045 0.780782688 8
111 5 0.7302001312399355 0.5750674373333333 0.0877691771336554 0.15847302400000002 1
112 0 0.5692865764895331 0.5177727146666666 0.03741031884057966 0.11831944 8
112 1 0.6585774516908212 0.6065826973333334 0.0450288132045088 0.28385040800000017 2
112 3 0.9325739855072464 0.6031372973333333 0.13324172302737525 0.7883920719999999 8
112 5 0.7211975012077295 0.575041092 0.0882065950080515 0.161760456 1
113 0 0.5566668260869565 0.5174092066666667 0.03641825442834146 0.11728641866666667 8
113 1 0.6542739617552334 0.6047412066666668 0.04270029549114329 0.2826450746666667 2
113 3 0.9508062882447665 0.5991369973333334 0.09677711755233487 0.796392672 8
113 4 0.10129726328502416 0.6055427360000001 0.2025945265700483 0.27597764266666674 1
113 5 0.714359156199678 0.5752854426666667 0.08847427858293078 0.165212352 1
114 0 0.5442599730273752 0.5170513626666666 0.035479128019323625 0.11626967999999999 8
114 1 0.651091228663446 0.6029003053333334 0.04252204508856683 0.28141463733333333 2
114 3 0.9750486892109501 0.594889604 0.04829231561996772 0.8048874586666667 8
114 4 0.09553008937198068 0.6146860893333332 0.19106017874396136 0.29576752799999995 1
114 5 0.7072398071658614 0.5755461973333333 0.08879927294685996 0.16879809599999995 1
115 0 0.5320606566022544 0.5166990533333333 0.03459120853462161 0.11526883733333343 8
115 1 0.6439556553945249 0.6040186213333333 0.04214984702093394 0.2796471306666666 2
115 4 0.08901270169082126 0.6250408626666667 0.17802540338164252 0.31819959733333336 1
115 5 0.7014783188405798 0.5797339973333333 0.08966328985507255 0.17384022933333337 1
116 0 0.5200636936392915 0.5163521533333333 0.033752825281803456 0.11428351199999998 8
116 1 0.636243593800322 0.6051122533333333 0.043062364734299585 0.2778768426666666 2
116 4 0.08159329267310789 0.636866704 0.16318658534621577 0.34384584 1
116 5 0.6954225462962963 0.5841498826666667 0.09061817793880844 0.1791897600000001 1
117 0 0.5082640716586152 0.5160105426666666 0.03296236392914659 0.11331334666666659 8
117 1 0.6284171417069243 0.6061815213333334 0.044333553945249626 0.2761044773333334 2
117 4 0.07307611795491142 0.6505025533333333 0.14615223590982285 0.37345520266666665 1
117 5 0.6890490068438003 0.5888130706666667 0.09167724074074068 0.18487483466666665 1
117 6 0.6253585547504026 0.5661460946666667 0.06969414814814812 0.14003127200000004 1
118 0 0.49588996256038653 0.5158343533333334 0.03319668196457326 0.1127369253333333 8
118 1 0.620669347826087 0.60722676 0.04557546859903372 0.27433075199999996 2
118 4 0.06320435064412239 0.6663994120000001 0.12640870128824477 0.4080278746666667 1
118 5 0.6823316119162641 0.5937450133333333 0.09285580193236709 0.19092711999999995 1
118 6 0.617989404589372 0.568588604 0.07166634219001611 0.14375661600000006 1
119 0 0.4836419541062802 0.5156580066666666 0.033456198067632836 0.11216004533333329 8
119 1 0.6129989033816425 0.6082483266666667 0.04678886795491133 0.27255638133333343 2
119 4 0.051434078099838965 0.6866866213333334 0.10286815619967793 0.44657862933333325 1
119 5 0.6752412854267311 0.5989697426666667 0.09417157407407406 0.19738232266666667 1
119 6 0.610268306763285 0.5711565386666667 0.0736702560386473 0.14768224533333335 1
120 0 0.47151810708534625 0.5154815333333334 0.03374153945249597 0.11158277333333344 8
120 1 0.5997030543478261 0.6065285413333333 0.04760886231884054 0.271255456 2
120 4 0.03758432367149758 0.6976861053333333 0.07516864734299517 0.4637956986666667 1
120 5 0.6699380020128824 0.602003556 0.09535476086956518 0.20393625866666665 1
120 6 0.6021694186795491 0.573859824 0.07570621256038645 0.1518246239999999 1
120 9 0.5550140048309178 0.5444147466666667 0.051160309178743923 0.11850382400000004 1
121 0 0.4595165132850242 0.51530496 0.034053234299516955 0.11100517333333332 8
121 1 0.5865288852657005 0.6049662106666667 0.048423516103059616 0.27023897599999996 2
121 5 0.6643120531400966 0.6052454986666667 0.09666869404186795 0.21092912533333336 1
121 6 0.5936643103864734 0.5767094693333333 0.07777440821256032 0.15620207466666675 1
121 7 0.36189461634460546 0.55055058 0.05693638727858297 0.13946150666666668 1
121 9 0.5457019633655396 0.5445003933333333 0.052250886473430014 0.12089949066666672 1
122 0 0.4476353035426731 0.5151283186666666 0.034391710144927534 0.11042732000000005 8
122 1 0.5734747020933977 0.6034047853333333 0.04923568115942023 0.26919358133333326 2
122 5 0.6583324738325282 0.6087176693333334 0.09813453059581312 0.21840697066666676 1
122 6 0.5847216252012881 0.5797177133333333 0.07987488003220611 0.16083503200000004 1
122 7 0.3477632954911433 0.553752852 0.05939450080515296 0.14404631733333328 1
122 9 0.5360068220611915 0.5445079746666667 0.053349059581320524 0.12356034933333332 1
123 0 0.4358726280193237 0.51495164 0.03475730112721409 0.10984928533333338 8
123 1 0.5605388405797102 0.6018445266666667 0.05004795813204499 0.26811957599999997 2
123 5 0.6519641300322061 0.6124454146666667 0.09977722624798702 0.22642251466666674 1
123 6 0.577285461352657 0.580806796 0.08243920933977456 0.1655575493333334 1
123 7 0.33276483896940423 0.557168216 0.06217714331723029 0.14894009600000002 1
123 9 0.5259044774557166 0.5444942386666667 0.05445485829307567 0.12638021600000005 1
124 0 0.42338792149758453 0.514929828 0.034227148953301145 0.10955717599999998 8
124 1 0.5477196541867955 0.6002857133333334 0.05086268679549111 0.26701735733333326 2
124 5 0.6451669750402577 0.616457932 0.10162636070853459 0.2350364293333333 1
124 6 0.5694222347020934 0.5819729866666666 0.08507468679549124 0.17056261333333333 1
124 7 0.31648776851851856 0.5611461280000001 0.0655983711755233 0.154703712 1
124 9 0.515368766505636 0.544480516 0.05556829468599028 0.129324408 1
124 10 0.489288940821256 0.532655428 0.048379950885668266 0.10268108533333337 1
125 0 0.4109669247181964 0.5149076613333333 0.03372392351046699 0.10926523200000005 8
125 1 0.5327540301932367 0.5995318093333333 0.05069351127214172 0.26697962933333325 2
125 5 0.6405948200483091 0.6192596253333333 0.10422193156199688 0.24475858933333328 1
125 6 0.5610940209339774 0.5832245373333333 0.08778396618357487 0.17587706400000008 1
125 7 0.2990305917874396 0.5653796426666666 0.06951749114331718 0.16104498666666672 1
125 9 0.5043712351046699 0.5444669493333333 0.056689363929146586 0.13240135466666664 1
125 10 0.48062586231884064 0.5342727053333334 0.049494990338164346 0.10516383199999996 1
126 0 0.39860914895330113 0.5148851453333334 0.033247735909822884 0.10897345866666674 8
126 1 0.5178061630434783 0.5987735333333334 0.05055300241545896 0.26692589866666677 2
126 5 0.6356500487117552 0.6223417293333333 0.10710584621578101 0.2553164506666666 1
126 6 0.552258268115942 0.584570896 0.09056962640901767 0.18153127999999996 1
126 7 0.2811937504025765 0.5694710439999999 0.07349825764895335 0.1671291279999999 1
126 8 0.3024839553140097 0.5487076693333334 0.05634710869565218 0.1528751306666667 8
126 9 0.4958548631239935 0.5454723546666667 0.05785185668276965 0.13598264533333332 1
126 10 0.47156715780998393 0.535968668 0.05062814009661831 0.10776829066666671 1
126 14 0.4481830358293076 0.5301390586666667 0.03536924235104666 0.08108592533333336 1
127 0 0.38631411151368755 0.5148622866666667 0.03279868035426731 0.10868186400000002 8
127 1 0.5028760708534621 0.5980109466666667 0.05044342190016099 0.26685612799999997 2
127 5 0.6302842556360708 0.6257472373333334 0.11032730676328495 0.2668248853333333 1
127 6 0.5428670611916264 0.5860229346666667 0.09343408212560383 0.1875597893333334 1
127 7 0.2618549855072464 0.5792513986666666 0.07988490982286636 0.17628173066666664 1
127 8 0.28799517793880836 0.5534093986666667 0.058003059581320404 0.15775558666666673 8
127 9 0.48690386070853464 0.5465343066666667 0.05902956199677939 0.1397602506666667 1
127 10 0.4620851054750402 0.5377491706666667 0.05177968921095011 0.11050364799999995 1
127 14 0.43933786272141706 0.5302443053333333 0.035517023349436405 0.08270194933333336 1
128 0 0.37408133091787443 0.5148390893333333 0.03237684057971019 0.10839046133333335 8
128 1 0.4879637652979066 0.5972441239999999 0.050366960547504 0.2667703013333333 2
128 5 0.6298629802737521 0.6293782266666667 0.11258554830917877 0.2791320373333333 1
128 6 0.5415399255233495 0.5912331586666666 0.09703516988727856 0.19543837599999997 1
128 7 0.24683207729468598 0.5891429066666667 0.085296655394525 0.1851274346666667 1
128 8 0.2726498997584541 0.5584090293333334 0.05990839533011272 0.16295617066666668 8
128 9 0.47748404911433173 0.5476577293333333 0.060221112721417 0.14375078666666663 1
128 10 0.45214933091787435 0.5396206773333333 0.05294987761674713 0.11338003199999996 1
128 14 0.4301337632850242 0.5303556933333333 0.03564319484702089 0.08438405866666665 1
129 0 0.36844860628019327 0.5148082613333334 0.03148978904991945 0.10791702933333336 8
129 1 0.4730692419484702 0.5964731373333334 0.05032573349436392 0.266668408 2
129 5 0.6293913450080515 0.6334227866666666 0.11503014412238322 0.2926334986666667 1
129 6 0.5401275120772946 0.5968671 0.10087938808373587 0.20400116533333335 1
129 7 0.23061234500805156 0.5998486613333334 0.09142130515297911 0.19485787200000004 1
129 8 0.26035229025764894 0.569620016 0.05675677858293074 0.16861279466666668 8
129 9 0.47332422020933973 0.552825464 0.06210081239935583 0.14782 1
129 10 0.4478829118357488 0.5433163306666666 0.05429954025764894 0.11578978666666662 1
129 14 0.42570408373590984 0.535218996 0.03613392431561996 0.08649047733333337 1
130 0 0.36286230917874396 0.514777728 0.030612138486312446 0.10744762666666663 8
130 1 0.4630360020128824 0.5991338546666667 0.04958363365539459 0.26682518666666666 2
130 5 0.634605653784219 0.6424983266666666 0.11986214492753633 0.3117147813333333 1
130 6 0.5386214114331723 0.6029789946666667 0.10499264412238318 0.21334035733333345 1
130 7 0.21766923188405798 0.611007928 0.09706386795491145 0.2051775733333333 1
130 8 0.25054927938808375 0.5852565666666667 0.0659113784219002 0.17624308533333344 8
130 9 0.4689488562801932 0.5582843093333334 0.06405164492753629 0.15213045866666663 1
130 10 0.4434501409017714 0.5471458413333333 0.05568520611916267 0.11834579466666661 1
130 11 0.2659858268921095 0.5652885026666667 0.041164966183574875 0.11614126666666669 1
130 14 0.42110816062801937 0.5402678426666666 0.03662980917874398 0.08869823999999998 1
131 0 0.3571589508856683 0.5147474866666667 0.030069594202898564 0.10698221066666669 8
131 1 0.45299628462157804 0.6017957386666667 0.04884913607085345 0.2669833066666667 2
131 5 0.640381963768116 0.6528625666666668 0.12508614009661834 0.3334657573333334 1
131 6 0.5370120857487922 0.6096327933333333 0.10940468840579709 0.22356535733333333 1
131 7 0.20364503985507246 0.6231299213333333 0.10344483494363926 0.2165823119999999 1
131 8 0.24159223711755234 0.5885542746666667 0.06865689774557163 0.18197154133333332 8
131 9 0.4687451284219002 0.5619257893333333 0.06555750483091788 0.15677734933333326 1
131 10 0.43884109621578093 0.5510023053333334 0.05710857085346216 0.12128847733333342 1
131 11 0.2600145221417069 0.567444136 0.04511903623188404 0.11918419200000008 1
131 14 0.41633644323671504 0.5455130946666666 0.037130424315620025 0.09101446133333335 1
132 0 0.35554937520128826 0.5142784213333333 0.029892690821256063 0.106272688 8
132 1 0.4459964488727859 0.6040119653333333 0.048410398550724654 0.2667789173333333 2
132 5 0.6468181163446054 0.6648102106666667 0.130744153784219 0.35849028266666666 1
132 6 0.5352886791465379 0.6169044653333333 0.11414985748792278 0.23480697333333328 1
132 7 0.19373548631239934 0.6374166773333333 0.1107086296296296 0.22833117866666663 1
132 8 0.23209312157809986 0.5920670453333334 0.0716815507246377 0.18808410666666664 8
132 9 0.46853305152979063 0.5657944733333333 0.06714718679549109 0.1617161359999999 1
132 10 0.44098608212560386 0.5511294693333333 0.05767033977455721 0.12448476799999997 1
132 11 0.2537572882447665 0.5697034360000001 0.049272637681159415 0.122376504 1
132 14 0.4158507037037037 0.5476332026666667 0.03798229146537846 0.09284926933333337 1
133 0 0.3522663417874396 0.5141881 0.029880454911433207 0.10609560799999995 8
133 1 0.43900960628019325 0.6062231146666666 0.04797973913043474 0.26657577599999993 2
133 5 0.6583305599838969 0.6776526 0.13525146779388075 0.38627049066666663 1
133 6 0.5400077004830918 0.6193687493333334 0.11952333494363931 0.2464510026666667 1
133 7 0.18303025805152978 0.6528582159999999 0.11873286231884059 0.2412804959999999 1
133 8 0.22549324355877615 0.601113448 0.07623099275362319 0.19554586666666673 8
133 9 0.4683121823671498 0.5699035413333333 0.06882798631239928 0.16699274666666664 1
133 10 0.44324640016103056 0.5512687826666667 0.05826999677938799 0.1278500986666667 1
133 11 0.24929427053140096 0.5719014813333334 0.04972334138486312 0.125645208 1
133 14 0.4153482906602255 0.5498306986666666 0.03886236876006449 0.09475875200000006 1
134 0 0.35500758977455715 0.511489232 0.029667258454106282 0.10541521600000009 8
134 1 0.4320357222222222 0.6084291866666667 0.04755717874396126 0.2663738666666666 2
134 5 0.6715045752818035 0.6927266599999999 0.14019120853462153 0.4187487546666667 1
134 6 0.5452319979871175 0.622168192 0.12555718115942027 0.25932945066666674 1
134 7 0.17548002455716585 0.6530363626666666 0.1262706417069243 0.2503664160000001 1
134 8 0.22251481441223833 0.60082536 0.0800674694041868 0.20092463466666677 8
134 9 0.4712217938808374 0.5668402093333333 0.07115698389694042 0.17259155999999992 1
134 10 0.4456316988727858 0.551324124 0.05891262962962962 0.1315936986666667 1
134 11 0.2446102914653784 0.5742141239999999 0.05022225764895333 0.1290910426666667 1
134 14 0.41482832971014494 0.552109908 0.039772111916264064 0.09674749066666666 1
135 0 0.35771560104669886 0.508823104 0.029457000805152955 0.10474345600000001 8
135 1 0.4304924617552335 0.60331 0.046593971819645696 0.26669450666666666 2
135 5 0.6955612387278584 0.7113721093333334 0.15622115056360708 0.4612392053333333 1
135 6 0.5545058973429952 0.6246456253333332 0.1331243647342995 0.27298664799999994 1
135 7 0.16728364774557164 0.6532820106666667 0.1345835885668277 0.26017968 1
135 8 0.22012819524959742 0.598674824 0.08405621175523348 0.20636009066666677 8
135 9 0.4743263260869565 0.563552084 0.07366832850241545 0.17860191199999997 1
135 10 0.44815274758454104 0.551374132 0.05960410064412247 0.13557732000000006 1
135 11 0.24605042190016102 0.576095268 0.05118276328502411 0.1320443653333333 1
135 14 0.42003691304347823 0.5445623079999999 0.040377887278582936 0.097894168 1
136 0 0.3603909770531401 0.506189124 0.029249622383252794 0.10408016799999997 8
136 1 0.4289432298711755 0.5981700973333334 0.045616809178743944 0.2670207066666668 2
136 5 0.7249897677133655 0.7344812066666666 0.17648443236714972 0.51341644 1
136 6 0.5648314355877617 0.6270437666666666 0.14180678904991956 0.28913646666666665 1
136 7 0.15835317109500804 0.6536105466666666 0.14379290579710147 0.27081363199999997 1
136 8 0.21758004911433174 0.5964103080000001 0.08832081964573274 0.21209797600000002 8
136 9 0.48098902777777774 0.559599564 0.07588386553945242 0.18494841333333328 1
136 10 0.452615654589372 0.5470240413333334 0.06123420289855064 0.13877018933333335 1
136 11 0.2475491489533011 0.5780605146666666 0.05217294685990334 0.13513492799999993 1
136 14 0.425478114331723 0.5366796373333333 0.04103920450885673 0.09904978666666664 1
137 0 0.36635996739130433 0.503264476 0.028998776972624762 0.1033466586666667 8
137 1 0.43046170893719804 0.5923987973333333 0.04493018276972621 0.266995504 2
137 5 0.7616756964573269 0.735828464 0.202563801932367 0.5230097386666666 1
137 6 0.5764022258454107 0.6293597439999999 0.151852812399356 0.30825376533333326 1
137 7 0.15247414734299516 0.6619987973333333 0.1539351723027375 0.28445998400000017 1
137 8 0.2148533607085346 0.5939213653333333 0.0928912721417069 0.21836716266666667 8
137 9 0.48811746739130435 0.5553433773333334 0.07834119887278584 0.19177681866666668 1
137 10 0.45728682326892106 0.5424568080000001 0.06297221658615137 0.14212035199999995 1
137 11 0.2491101485507246 0.5801156453333334 0.053194057165861536 0.13837248000000002 1
137 14 0.43116795692431564 0.527939784 0.04176214734299516 0.10121107200000007 1
138 0 0.3722503128019323 0.5003783373333334 0.02875440982286631 0.10262545333333334 8
138 1 0.43198058615136875 0.5866197933333333 0.04423981159420287 0.2669759386666667 2
138 5 0.8088861839774557 0.7334642853333333 0.23770108293075698 0.527738096 1
138 6 0.5914893442028986 0.6427437066666668 0.16369988486312403 0.33191083200000004 1
138 7 0.14602215257648954 0.6712017933333334 0.16508230998389695 0.29950519733333325 1
138 8 0.21545988164251206 0.5957176133333333 0.09735922544283412 0.22514593066666666 8
138 9 0.497088232689211 0.5578202346666666 0.0812789790660225 0.19920573333333325 1
138 10 0.46218127818035426 0.537655784 0.06482821980676329 0.14563974399999996 1
138 11 0.2519698490338164 0.5821752293333333 0.05580329388083735 0.14193180800000005 1
138 12 0.5831301030595814 0.517564884 0.024691357487922616 0.1816161679999999 4
138 13 0.2684846469404187 0.549316132 0.04233230837359092 0.10716560799999997 1
138 14 0.43858140982286636 0.5272379106666667 0.042691156199678004 0.10363260533333324 1
139 0 0.3780634746376812 0.497530016 0.028516284219001597 0.10191626666666664 8
139 1 0.4334998671497585 0.5808332466666667 0.043545745571658634 0.26696208800000004 2
139 5 0.8637323933172303 0.7290673 0.2709249074074074 0.5365320666666666 1
139 6 0.6088006046698873 0.6583325680000001 0.17797086312399357 0.359464176 1
139 7 0.1389088498389694 0.6813451159999999 0.17739434380032207 0.3161739440000001 1
139 8 0.21608863164251207 0.597624368 0.10205231320450889 0.23235596799999997 8
139 9 0.5067244057971014 0.5604939600000001 0.08457334621578089 0.20722893866666664 1
139 10 0.4701378007246376 0.5418818080000001 0.06653299114331718 0.15025107733333332 1
139 11 0.2549606811594203 0.5843358693333334 0.058491797101449305 0.145667168 1
139 12 0.5969297363123993 0.5216037213333333 0.023577512882447693 0.18986656799999996 4
139 13 0.27291262479871176 0.552003628 0.04403681320450892 0.10953214666666666 1
139 14 0.4463410462962963 0.5265001586666667 0.04371170611916264 0.10617397599999995 1
140 0 0.3865774875201288 0.4998670946666667 0.028233464573268918 0.10117429066666661 8
140 1 0.436827307568438 0.5828779386666667 0.04351428341384861 0.26711974400000005 2
140 5 0.8883104335748793 0.729925612 0.22176882689210942 0.5348154426666667 1
140 6 0.6288849738325282 0.6767196213333333 0.19541201368760064 0.39196292799999993 1
140 7 0.1310266618357488 0.6925816920000001 0.19106713687600646 0.33474137866666676 1
140 8 0.2160938027375201 0.6037443893333334 0.10758039452495971 0.24119742933333332 8
140 9 0.5171039303542673 0.563389012 0.08828289935587763 0.21592079199999997 1
140 10 0.47856863285024154 0.5463796413333333 0.06842827697262477 0.15515294133333335 1
140 11 0.2580920076489533 0.586605196 0.06126355636070854 0.14959200800000005 1
140 12 0.6106991099033816 0.5260241973333333 0.021202361513687484 0.19889563200000004 4
140 13 0.2775048502415459 0.554792156 0.04576699677938806 0.11199451466666666 1
140 14 0.45401254750402575 0.5362289786666667 0.04446174074074072 0.1086452853333334 1
141 0 0.39496552173913047 0.5021697106666667 0.02796101932367151 0.10043951200000001 8
141 1 0.44015814533011266 0.5849248640000001 0.043485044283413876 0.2672752213333334 2
141 5 0.9121803208534622 0.7306614786666666 0.1740290523349436 0.5333437093333333 1
141 6 0.6524941469404186 0.6987319853333334 0.21708842431562003 0.4308700133333333 1
141 7 0.12224320531400966 0.7050997240000001 0.2063429677938808 0.35554810400000003 1
141 8 0.21607802214170693 0.610282784 0.11346756924315621 0.2508422506666666 8
141 9 0.5269468087761675 0.5692639946666667 0.09250793800322066 0.2265704853333333 1
141 10 0.4875180012077294 0.5511761933333333 0.07054079951690817 0.16037367200000002 1
141 11 0.26137410547504025 0.58899162 0.06412286312399354 0.153721192 1
141 12 0.6276899380032206 0.5308830253333333 0.023979127214170615 0.20881907466666666 4
141 13 0.28227069484702094 0.557687508 0.04752334460547508 0.11455834933333331 1
141 14 0.46201166747181965 0.5460465546666666 0.04529295652173915 0.1119261866666667 1
142 0 0.4024939585346216 0.5018485546666667 0.027718686795491165 0.09973394666666668 8
142 1 0.4434923864734299 0.5869740133333334 0.04345800966183583 0.26742850666666673 2
142 5 0.9364776992753623 0.7313044506666666 0.12543429549114338 0.5320577653333333 1
142 6 0.6806882387278583 0.7251286186666667 0.24456693156199683 0.4791481333333334 1
142 7 0.11074161473429953 0.7169230360000001 0.22148322946859905 0.3794579066666667 1
142 8 0.21603676489533014 0.617139868 0.11975268921095009 0.26168856800000007 8
142 9 0.537722807568438 0.5757423546666667 0.09734622544283417 0.23830986666666665 1
142 10 0.4970358615136876 0.5563020479999999 0.07290181803542667 0.16594540266666663 1
142 11 0.2648182717391304 0.5915044506666667 0.06707432769726251 0.1580711893333333 1
142 12 0.6448902173913043 0.53624874 0.025496510466988753 0.21977674399999997 4
142 13 0.28722025241545895 0.5606959333333333 0.049306356682769725 0.11722974933333341 1
142 14 0.4693782008856683 0.5397874546666667 0.046473227858293054 0.11412599733333334 1
143 0 0.40991919484702094 0.5015317986666666 0.027484264090177124 0.09903707466666661 8
143 1 0.4468300358293076 0.5890253733333333 0.0434331602254428 0.26757959466666653 2
143 5 0.9671470942028986 0.7320560093333334 0.06409550563607092 0.5305546479999999 1
143 6 0.7118483574879226 0.742278192 0.28037269082125593 0.5101102826666666 1
143 7 0.10857670893719806 0.7293950893333334 0.21715341787439613 0.40468768266666666 1
143 8 0.21378011191626406 0.620426692 0.12685852979066023 0.272024376 8
143 9 0.5495735760869565 0.5829218946666667 0.10292366908212569 0.2513152613333334 1
143 10 0.5071788796296296 0.5617921173333333 0.07554806521739127 0.1719047520000001 1
143 11 0.2684369649758454 0.5941540106666667 0.07012291867954912 0.162660288 1
143 12 0.6668483341384863 0.5422049506666666 0.028668996779388056 0.23193924533333332 4
143 13 0.2923644138486312 0.56382418 0.05111654750402578 0.1200153146666667 1
143 14 0.47716123671497584 0.5430157999999999 0.047779909822866284 0.11733153066666663 1
144 0 0.4172431779388084 0.5012193546666667 0.027257412238325285 0.09834873599999994 8
144 1 0.45017109863123994 0.5910789346666666 0.043410477455716634 0.26772847199999994 2
144 6 0.7511992721417069 0.7432482359999999 0.32825187117552346 0.5081701946666667 1
144 7 0.10618155877616747 0.7439800400000001 0.21236311755233495 0.4341692426666667 1
144 8 0.21131730434782608 0.6238118146666667 0.13452804347826086 0.28361538400000014 8
144 9 0.5626714472624799 0.5909227586666668 0.109399960547504 0.26580321333333334 1
144 10 0.5157242073268921 0.5622134493333334 0.07841968840579705 0.17868292000000002 1
144 11 0.2701375334138486 0.593526636 0.07328616505636071 0.16723291466666668 1
144 12 0.6855715012077295 0.5456680466666667 0.03005904589371977 0.24620202933333335 4
144 13 0.29629321457326896 0.5626209719999999 0.05221172544283409 0.12251934133333331 1
144 14 0.4853649577294686 0.546311024 0.04922229388083743 0.1209549173333333 1
145 0 0.42415719645732686 0.49657220133333335 0.027076022544283374 0.09778048266666667 8
145 1 0.4546412834138487 0.5873768546666667 0.0431579919484702 0.2678640400000001 2
145 6 0.8022010434782608 0.7443902506666666 0.3939876070853463 0.5058861653333333 1
145 7 0.10351830716586151 0.7612577186666667 0.20703661433172302 0.4690664986666666 1
145 8 0.20819250483091786 0.625608584 0.1432369259259259 0.29707079999999997 8
145 9 0.5772283679549115 0.5998942146666666 0.1169801014492754 0.28204264266666657 1
145 10 0.5249209384057971 0.5626656466666666 0.08164931964573269 0.18602058933333332 1
145 11 0.27193309057971016 0.5928727039999999 0.07660684943639295 0.17206925333333334 1
145 12 0.7088701614331723 0.5495829493333334 0.03467171417069237 0.2623320906666667 4
145 13 0.30040160708534625 0.5613662746666667 0.05332843156199679 0.12513003733333333 1
145 14 0.4940246702898551 0.5497808160000001 0.05081746135265708 0.12482930133333331 1
146 0 0.4309970072463768 0.491974904 0.026900409017713345 0.09722247466666672 8
146 1 0.4591182169887279 0.58366666 0.042908667471819706 0.2680024986666667 2
146 6 0.8130232773752013 0.7457545186666666 0.37234313929146545 0.5031576293333333 1
146 7 0.10054034500805153 0.7619345586666666 0.20108069001610307 0.4707975493333333 1
146 8 0.20474345330112723 0.6275738639999999 0.15275524476650565 0.31187538133333326 8
146 9 0.5907864271336554 0.60376206 0.125613768921095 0.3006410266666666 1
146 10 0.5348476292270532 0.563152356 0.08529742431561999 0.1939901306666667 1
146 11 0.273831887278583 0.5921908053333333 0.08009784702093398 0.177193488 1
146 12 0.7318918313204509 0.554044256 0.03676865458937195 0.280721888 4
146 13 0.303877365136876 0.5584872053333333 0.0557767737520129 0.12770531199999996 1
146 14 0.503179772141707 0.5534546506666667 0.052585107890499305 0.12895010666666673 1
147 0 0.4376912403381642 0.4903768386666667 0.02673156441223834 0.09669354399999991 8
147 1 0.4636019166666666 0.5799484319999999 0.042662424315619896 0.26814388266666656 2
147 6 0.826163171095008 0.7474130333333333 0.3460633518518519 0.49984059999999997 1
147 7 0.09462057004830918 0.763167552 0.18924114009661835 0.46833156266666665 1
147 8 0.2009177737520129 0.629733008 0.16320601932367146 0.3282430293333333 8
147 9 0.606100171095008 0.6081686559999999 0.1358468172302738 0.3218731039999999 1
147 10 0.5455961739130435 0.5636778306666667 0.08943745088566835 0.20267695199999997 1
147 11 0.2733272012882448 0.592217616 0.08464342512077297 0.1834688533333333 1
147 12 0.7591197008856683 0.5591749493333333 0.042790165056360685 0.3018821173333333 4
147 13 0.3075252379227053 0.5554656773333333 0.05830266103059578 0.1303851573333334 1
147 14 0.5113298796296296 0.5443318053333334 0.054406817230273796 0.13223347200000007 1
148 0 0.444314635668277 0.4887957346666667 0.026568020128824477 0.09617110666666667 8
148 1 0.4680923989533011 0.5762222493333333 0.042419187600644115 0.26828823199999996 2
148 6 0.8391085289855073 0.74918958 0.32017263607085344 0.49628750666666654 1
148 7 0.08788409138486312 0.7645695973333333 0.17576818276972625 0.465527472 1
148 8 0.19243337761674717 0.6412406586666667 0.1764311062801932 0.34842188266666674 8
148 9 0.6237596493558776 0.6132033226666667 0.14818050161030594 0.34632969066666663 1
148 10 0.5572748071658615 0.5642470359999999 0.09415931803542676 0.21218258399999995 1
148 11 0.2727690611916264 0.5922687453333333 0.08951960064412237 0.19020735199999994 1
148 12 0.7859665318035427 0.5651379213333333 0.045088566022544296 0.32648992266666665 4
148 13 0.31135842471819647 0.552290872 0.060910353462157785 0.13317677866666672 1
148 14 0.5200056074879227 0.534119256 0.056435617552334894 0.13666458133333337 1
149 0 0.4508682238325282 0.48723135466666667 0.0264095974235104 0.09565504533333341 8
149 1 0.47258968115942024 0.572488192 0.04217887600644121 0.26843559466666667 2
149 6 0.8557476086956521 0.7514737173333332 0.28689447665056367 0.491719232 1
149 7 0.08015040338164252 0.7661779706666667 0.16030080676328504 0.4623107253333333 1
149 8 0.18288399879227052 0.6542488066666666 0.1914330813204509 0.37122430666666667 8
149 9 0.6411396501610306 0.6307353586666666 0.16252269323671498 0.3760003866666666 1
149 10 0.5669385893719807 0.5722208026666668 0.09966360064412239 0.22350923200000006 1
149 11 0.2709577479871176 0.60013032 0.0944096457326892 0.19909601599999993 1
149 12 0.8224382181964573 0.5792925466666666 0.049170673107890694 0.35616734399999994 4
149 13 0.31147257809983897 0.5577427426666667 0.062423014492753615 0.1377047546666667 1
149 14 0.5268317173913044 0.541062296 0.0583412834138487 0.14166660799999997 1
150 0 0.45735301610305956 0.485683464 0.02625612238325281 0.09514525333333335 8
150 1 0.4755780346215781 0.5778736626666666 0.0411709500805153 0.26898051999999995 2
150 6 0.8779213997584541 0.7545193146666667 0.2425468945249597 0.48562803733333326 1
150 7 0.07118161272141707 0.7680417786666667 0.14236322544283414 0.45858310933333335 1
150 8 0.1720534677938808 0.669071188 0.20859356360708534 0.3971976079999999 8
150 9 0.6614880744766506 0.6515334 0.18021160789049917 0.41117823466666664 1
150 10 0.5775979142512078 0.581088216 0.10597550966183578 0.23610009066666665 1
150 11 0.2689847415458937 0.6086423133333333 0.09970375845410634 0.20881492000000001 1
150 12 0.8592084303542673 0.596544124 0.047772411433172124 0.392517576 4
150 13 0.3115893349436393 0.5635100293333333 0.06401879710144931 0.14254000533333333 1
150 14 0.5341385044283413 0.5485289386666666 0.06046607165861506 0.1470359733333333 1
151 0 0.4615658490338165 0.4892687666666667 0.026186152173913013 0.09492558133333329 8
151 1 0.4785770080515298 0.5832808119999999 0.040153109500805084 0.2695059013333333 2
151 6 0.9089382000805153 0.7600751293333333 0.18051329388083737 0.47451640799999995 1
151 7 0.06065765458937197 0.7702270466666666 0.12131530917874395 0.4542125733333333 1
151 8 0.15599931843800324 0.6866393226666667 0.23003680595813206 0.4272227786666667 8
151 9 0.6833144017713366 0.6725583093333334 0.20186495974235108 0.4526606666666667 1
151 10 0.5894179601449276 0.5910082573333333 0.11326722624798713 0.2501793466666666 1
151 11 0.2668275797101449 0.6178896146666668 0.10545543800322055 0.21948332533333337 1
151 12 0.9036429251207729 0.617010976 0.10741535104669886 0.43524885866666657 4
151 13 0.31170859178743965 0.5696211053333333 0.06570481481481483 0.14771400266666668 1
151 14 0.5419791095008051 0.5565805093333334 0.06284406280193233 0.1528146666666666 1
152 0 0.46575826650563606 0.49283674666666666 0.026117357487922765 0.09470267199999993 8
152 1 0.48154124074074073 0.5887093760000001 0.03921638969404195 0.27001147200000003 2
152 6 0.955399269726248 0.7695255333333333 0.08759115458937194 0.4556156 1
152 7 0.04475214855072464 0.775569356 0.08950429710144928 0.4435279546666666 1
152 8 0.13749021417069243 0.7070720266666667 0.2552464782608696 0.46212575999999994 8
152 9 0.7096155648148148 0.6982874400000001 0.22934623107890495 0.503421504 1
152 10 0.6005036960547504 0.6024509093333333 0.12118455152979069 0.2660967093333333 1
152 11 0.26259689855072466 0.6290092066666666 0.11231684702093395 0.23171339466666663 1
152 12 0.9480108747987117 0.6434603053333334 0.10236794444444441 0.4894933840000001 4
152 13 0.31183019122383254 0.5761078733333334 0.0674890233494364 0.15326258399999998 1
152 14 0.5504148788244767 0.5649948493333333 0.06551605233494373 0.15963821600000005 1
153 0 0.4699303752012882 0.496387464 0.026049705314009575 0.09447657599999998 8
153 1 0.483990963768116 0.5941590813333333 0.0393206392914654 0.27049699466666677 2
153 8 0.1287617737520129 0.7273428186666666 0.2575235475040258 0.5063522826666668 8
153 9 0.7419671469404188 0.7221742906666666 0.2650928510466989 0.5503180853333333 1
153 10 0.6129662491948471 0.6154414146666667 0.130449537037037 0.2841573466666667 1
153 11 0.2579463079710145 0.6412015320000001 0.11988488647342993 0.2453034266666667 1
153 12 0.9767307085346216 0.6662913973333333 0.04492827697262469 0.526364976 4
153 13 0.3119539110305958 0.5830063373333334 0.06938035024154593 0.15922670666666672 1
153 14 0.5595170374396136 0.573871292 0.06853119565217392 0.1675313573333334 1
