0 0 0.8598101139291465 0.7528670653333334 0.2787694661835749 0.488932536 1
0 2 0.2512941227858293 0.499174196 0.031674693236714985 0.054808781333333334 1
1 0 0.8539076626409018 0.7522310906666667 0.29057436876006437 0.4902044853333333 1
1 2 0.24655348349436396 0.4966903693333333 0.032811754428341416 0.05613257333333338 1
2 0 0.8484627801932367 0.7516457413333333 0.3014641336553945 0.4913751839999999 1
2 2 0.24159387037037033 0.49933069333333335 0.0340200080515298 0.05753299733333339 1
3 0 0.8434243345410628 0.7511052066666666 0.31154102495974234 0.4924562533333333 1
3 2 0.23638925402576488 0.5021057373333333 0.035305757648953356 0.059004861333333325 1
4 0 0.8387485418679549 0.7506045293333333 0.32089261030595817 0.49345760799999994 1
4 2 0.23092099355877616 0.5050260826666666 0.03667627375201285 0.060553781333333334 1
5 0 0.8343976904186796 0.75013946 0.3295943132045088 0.4943877466666666 1
5 2 0.22516850563607088 0.508103444 0.038139732689210976 0.06218596533333337 1
6 0 0.8302471163446055 0.7484505546666667 0.337895461352657 0.4977655573333333 1
6 2 0.21821085990338165 0.5111549493333334 0.03972804025764898 0.06388274666666671 1
6 3 0.2400948574879227 0.5045383573333333 0.03504861513687604 0.054245695999999954 1
7 0 0.8222087367149759 0.747670736 0.3372414766505636 0.49932519466666664 1
7 2 0.21087777898550725 0.5143771653333333 0.041432823671497615 0.06567461866666668 1
7 3 0.2340734504830918 0.5100013693333334 0.0363940314009662 0.05568623733333339 1
8 0 0.8023453719806763 0.7518557293333333 0.3118110966183575 0.4909552079999999 1
8 2 0.20350171859903382 0.5117916893333333 0.04323249677938809 0.0675547760000001 1
8 3 0.2278566968599034 0.5076312653333334 0.03782076570048307 0.05711581066666671 1
9 0 0.7845422403381642 0.7459267439999999 0.28972237117552324 0.5028131786666666 1
9 2 0.19570567512077297 0.509053392 0.04517091706924317 0.06954590933333327 1
9 3 0.22131399758454107 0.50511378 0.03934721256038648 0.05866055200000003 1
10 0 0.7727150024154589 0.7405068493333333 0.27617110305958126 0.4907836559999999 1
10 2 0.1874526541867955 0.5061483146666668 0.04726354669887278 0.0716581386666667 1
10 3 0.21441898711755233 0.5024559666666667 0.04098347987117551 0.06029133599999997 1
11 0 0.7570549355877617 0.7158939066666666 0.254444119162641 0.45342919466666665 1
11 2 0.1800464464573269 0.5106139426666666 0.049478791465378424 0.07387984266666664 1
11 3 0.2071423735909823 0.49964575999999994 0.04274103059581322 0.06201555733333336 1
12 0 0.7466626723027375 0.704552136 0.24034127214170686 0.43161012800000015 1
12 2 0.17218609017713365 0.5153645213333333 0.051870676328502396 0.07624278666666662 1
12 3 0.20112934581320452 0.5044858293333333 0.044515499999999986 0.06375044799999996 1
13 0 0.7371354919484703 0.691633924 0.22761090499194847 0.4105313466666667 1
13 2 0.16382839533011273 0.52042822 0.05445994685990338 0.07876088799999992 1
13 3 0.19478348590982286 0.5096037053333333 0.046414789855072414 0.06558412533333335 1
14 0 0.7283655696457327 0.6771066960000001 0.21606747906602253 0.390104176 1
14 2 0.15492450603864735 0.5256679360000001 0.057270593397745595 0.08178816 1
14 3 0.1880763228663446 0.5150240053333334 0.048451898550724626 0.0675252693333333 1
15 0 0.7203612528180354 0.6827236173333333 0.2056231417069243 0.38008546399999993 1
15 2 0.1454189299516908 0.5312323613333333 0.06033049597423511 0.08511829600000004 1
15 3 0.18097603864734302 0.520572876 0.050641631239935564 0.06998655733333331 1
16 0 0.7110367757648954 0.6720277253333333 0.1947521344605475 0.3626212426666668 1
16 2 0.13487465579710145 0.5330018106666666 0.06379137761674719 0.08818825599999996 1
16 3 0.17344695611916267 0.526449284 0.05300091223832529 0.07264316533333331 1
17 0 0.7024227657004831 0.6621871973333333 0.18488059903381637 0.34665596800000004 1
17 2 0.12358489814814815 0.5349009893333333 0.06757141465378422 0.09148651200000008 1
17 3 0.1678190193236715 0.527452408 0.05522182286634461 0.07492891200000007 1
18 0 0.6944393941223832 0.6531023840000001 0.175882232689211 0.3320070133333334 1
18 2 0.11146746940418681 0.5369447186666667 0.07171419967793881 0.09503949066666662 1
18 3 0.1579582616747182 0.5290874213333333 0.0580345684380032 0.07748060266666673 1
19 0 0.6870185269726248 0.6446886306666667 0.1676506900161031 0.3185200506666666 1
19 2 0.09842760829307567 0.5391501626666667 0.07627129549114331 0.09887786133333326 1
19 3 0.1474424617552335 0.5308345906666667 0.06109905716586152 0.08021166133333335 1
20 0 0.6801016344605475 0.6368735506666666 0.16009583574879227 0.306063784 1
20 2 0.08435545813204509 0.5415373226666667 0.08130408373590982 0.10303741866666666 1
20 3 0.13620392431561995 0.53270588 0.06444810950080514 0.08314165866666662 1
21 0 0.6724880289855073 0.6325798146666667 0.15267335909822866 0.294832776 1
21 2 0.0687585881642512 0.5440359693333334 0.0866079347826087 0.10741232266666667 1
21 3 0.12416526771336553 0.534715016 0.06812022302737518 0.08629312 1
22 0 0.6653972536231885 0.6286198306666667 0.1458913172302737 0.28440690933333346 1
22 1 0.9795409061996779 0.72208702 0.03930788164251209 0.5504926266666665 1
22 2 0.049569416666666664 0.5470588613333334 0.09320072544283413 0.11268335466666662 1
22 3 0.11044245772946859 0.5431528053333334 0.07224869323671496 0.09046648000000002 1
23 0 0.6587762330917875 0.6249566480000001 0.13967430193236718 0.2747018133333335 1
23 1 0.9614059685990337 0.7196666786666667 0.07557775684380041 0.5553333093333332 1
23 2 0.04026900885668277 0.549724904 0.08053801771336554 0.11725182933333328 1
23 3 0.09623504830917874 0.54245576 0.07674722222222222 0.09385448533333329 1
24 0 0.6525789412238325 0.621558536 0.1339579677938807 0.26564457066666664 1
24 1 0.9457914476650563 0.7172415773333334 0.10680679871175536 0.5601835119999999 1
24 2 0.030514641304347823 0.5518739813333333 0.06102928260869565 0.12058399999999997 1
24 3 0.08087797181964573 0.5417113026666667 0.08174687761674718 0.0975070586666667 1
25 0 0.6467652572463768 0.6183980933333334 0.12868711030595814 0.25717185066666676 1
25 1 0.9322060466988727 0.7148111026666666 0.13397760064412245 0.5650444613333333 1
25 2 0.020656725442834138 0.5520458626666667 0.041313450885668276 0.11994701600000002 1
25 3 0.06422522141706924 0.5409145693333334 0.08732894685990339 0.10145655733333331 1
26 0 0.6409521090982286 0.6156784333333334 0.12325144685990341 0.24882891466666657 1
26 1 0.9202783756038647 0.7123746386666666 0.1578329428341385 0.5699173893333334 1
26 3 0.046450508856682775 0.5400487 0.09290101771336555 0.10571819999999998 1
27 0 0.6337506227858294 0.6131488733333333 0.1177242471819645 0.2410518213333333 1
27 1 0.9097224549114331 0.7099315613333332 0.17894478421900162 0.574803544 1
27 3 0.0374404343800322 0.5469055653333333 0.0748808687600644 0.11076598399999998 1
28 0 0.6278240305958132 0.6107961093333334 0.11286456199677941 0.23373638933333335 1
28 1 0.900506134057971 0.7069459226666667 0.1973774259259259 0.5807748213333332 1
28 3 0.0276129231078905 0.552842084 0.055225846215781 0.11318729866666666 1
29 0 0.6222391831723029 0.608600848 0.10836212962962966 0.22685742399999997 1
29 1 0.8922930523349437 0.7134935 0.21380358937198063 0.5676796666666666 1
29 3 0.016851448872785828 0.5576925373333332 0.033702897745571656 0.11253875466666663 1
30 0 0.6169669331723027 0.6065480759999999 0.10418096135265698 0.22037661599999991 1
30 1 0.8848880289855072 0.7134027666666667 0.2286136360708535 0.5678611333333332 1
31 0 0.6093392262479871 0.60097266 0.10038060064412224 0.21322058933333343 1
31 1 0.8752956006441224 0.71289738 0.2477984927536232 0.5688719066666666 1
32 0 0.6021118989533012 0.595701836 0.09688121980676323 0.20649686133333334 1
32 1 0.8665010623993559 0.7080805986666666 0.2653875692431562 0.5785054693333334 1
33 0 0.5952537125603865 0.5907111306666666 0.0936522753623188 0.200168032 1
33 1 0.858431327294686 0.7097745226666666 0.2815270394524959 0.5751176213333333 1
34 0 0.5887366417069242 0.5859786453333333 0.09066698389694039 0.19420084799999998 1
34 1 0.8509668796296297 0.702791664 0.2964559347826087 0.5890833386666666 1
35 0 0.5825354653784219 0.5814847106666666 0.08790177294685986 0.18856565599999997 1
35 1 0.8440832008856682 0.7060628586666666 0.31022329227053136 0.5825409493333333 1
36 0 0.5746218820450886 0.5783336973333333 0.08378230837359102 0.18292983733333334 1
36 1 0.8356636010466989 0.7072109946666667 0.32706249194847026 0.5802446773333333 1
37 0 0.5671222636876005 0.575360504 0.07996418760064417 0.1776198933333334 1
37 1 0.8278390817230273 0.708211884 0.3427115305958133 0.5782428986666666 1
38 0 0.5600046078904992 0.57255046 0.07641815458937207 0.17260842400000004 1
38 1 0.8119709746376811 0.709373724 0.34013678019323657 0.5759192186666666 1
39 0 0.5532401606280193 0.5698904626666667 0.0731184533011272 0.16787102133333337 1
39 1 0.7850523216586152 0.7107052253333334 0.3135358542673108 0.5732562159999999 1
40 0 0.5468030076489534 0.5673687826666667 0.07004233413848626 0.16338585866666672 1
40 1 0.7606417737520129 0.7118971493333333 0.2902105619967794 0.570872368 1
41 0 0.5398590088566828 0.5665849253333333 0.06762576972624801 0.1596019626666666 1
41 1 0.7353380374396135 0.7028004200000001 0.26560689774557167 0.544722248 1
42 0 0.5332247475845411 0.5658435733333333 0.06538165136876006 0.15599010666666668 1
42 1 0.7125937459742351 0.6908214666666667 0.24425064170692423 0.513690384 1
43 0 0.526879730273752 0.56514146 0.06329460708534623 0.1525387119999999 1
43 1 0.6920295382447665 0.6801434333333333 0.22557809098228665 0.4860038906666666 1
44 0 0.5208052495974236 0.56447564 0.061350917874396116 0.14923721600000006 1
44 1 0.6733387962962962 0.6705653386666667 0.20914483574879228 0.46114943466666664 1
45 0 0.5149841920289855 0.5638434466666666 0.05953830354267309 0.14607598133333327 1
45 1 0.656270790257649 0.6619255693333332 0.19459631481481476 0.43871359733333326 1
46 0 0.5095865318035426 0.5635151853333333 0.0579879750402576 0.14339258933333338 1
46 1 0.6403382604669887 0.6544070946666667 0.1821440104669887 0.41907293066666673 1
47 0 0.5043834094202899 0.563202804 0.05653103462157805 0.14080623733333325 1
47 1 0.6256304895330114 0.6475354226666666 0.1710009178743962 0.401115528 1
48 0 0.49936439734299515 0.5629052493333333 0.05516057568437993 0.13831170399999992 1
48 1 0.6120083872785829 0.641230528 0.1609864524959742 0.3846338773333334 1
49 0 0.49536907045088574 0.5562095893333333 0.054006630434782654 0.134643472 1
49 1 0.5993535096618358 0.6354250706666666 0.15195048792270538 0.36945324533333335 1
50 0 0.49151198309178745 0.5497478786666666 0.05291764090177131 0.1311404453333333 1
50 1 0.587564309983897 0.6300619666666667 0.14376733172302747 0.3554254213333333 1
51 0 0.48772579710144925 0.545342568 0.051411721417069234 0.1286597653333333 1
51 1 0.577432881642512 0.6238645266666667 0.13591713526570048 0.34131777333333335 1
52 0 0.48406479750402576 0.5410571733333334 0.049975176328502346 0.12634071466666663 1
52 1 0.5680009549114331 0.618141584 0.128775964573269 0.328287328 1
53 0 0.48052283816425123 0.5369209466666667 0.04860369726247976 0.12410375466666679 1
53 1 0.5591974017713366 0.6128406546666667 0.12225753784219007 0.31621524533333334 1
54 0 0.47728149114331725 0.5422104640000001 0.04732378743961363 0.12203657066666668 1
54 1 0.550960541062802 0.6079167213333333 0.11628857326892106 0.30499953866666657 1
55 0 0.47414215177133656 0.5470554226666667 0.04609940016103059 0.12057134666666675 1
55 1 0.5432366010466989 0.603330948 0.11080646618357487 0.29455221066666665 1
55 4 0.21329217351046698 0.510272576 0.03317147745571661 0.05163824533333344 1
56 0 0.47149495531400964 0.5468753519999999 0.04463038888888882 0.11878136533333333 1
56 1 0.5374471396940419 0.5993852946666667 0.10591993800322058 0.28410429066666665 1
56 4 0.20998353260869565 0.5120138053333334 0.03415453220611914 0.052717461333333326 1
57 0 0.4689257773752013 0.5467027533333333 0.04321320048309174 0.11704408799999999 1
57 1 0.5320232065217392 0.5957113199999999 0.10141467391304354 0.27437219199999996 1
57 4 0.2065515144927536 0.5138203666666666 0.03518311111111114 0.05384164533333324 1
58 0 0.46712135628019325 0.5442865306666667 0.041942556360708594 0.11496154666666669 1
58 1 0.5269308619162641 0.5922818999999999 0.09724952093397748 0.26528478666666666 1
58 4 0.20291085346215781 0.5133397706666667 0.03626667149758453 0.05482069333333334 1
59 0 0.4653694690016103 0.541941856 0.04071397826086953 0.1129503893333334 1
59 1 0.5221402818035428 0.5890734066666666 0.09338889694041874 0.25678006133333325 1
59 4 0.19912916988727858 0.5128414066666667 0.037402752012882484 0.05583593866666664 1
60 0 0.4636678482286634 0.5396655826666666 0.03952543558776167 0.11100709599999997 1
60 1 0.5176251433172303 0.5860651560000001 0.08980189855072468 0.24880371466666673 1
60 4 0.19519809460547505 0.5123242746666667 0.03859510708534622 0.05688942933333341 1
61 0 0.46507358977455715 0.537894424 0.04130548550724639 0.1162724106666666 1
61 1 0.5127874210950081 0.584285252 0.08658487117552338 0.24213287733333339 1
61 4 0.19119837842190016 0.510910636 0.03984572302737521 0.058039890666666705 1
62 0 0.46304162037037033 0.539651148 0.040104780193236655 0.11420312799999999 1
62 1 0.5081829384057972 0.582599248 0.0835676867954912 0.23581042666666663 1
62 4 0.18702660346215783 0.5093916186666666 0.04116412479871176 0.05932634133333331 1
63 0 0.4610771002415459 0.5412003759999999 0.0389521731078904 0.11249770133333337 1
63 1 0.5037950623993559 0.5809999053333333 0.08073325523349445 0.2298097626666667 1
63 4 0.1812759122383253 0.5094746933333333 0.042689834138486316 0.06069013333333334 1
64 0 0.459176713768116 0.5426510173333333 0.037844915458937145 0.11094096799999997 1
64 1 0.49960871819645736 0.5794807093333333 0.07806632367149757 0.22410693333333337 1
64 4 0.1753670684380032 0.510903168 0.04429747504025763 0.062122080000000024 1
64 5 0.3011318389694042 0.484259396 0.021648428341384862 0.06503634933333324 8
65 0 0.4573373578904992 0.544057876 0.03678045813204511 0.10942579999999996 1
65 1 0.49561020853462157 0.5780357866666667 0.07555323349436399 0.2186802933333334 1
65 4 0.16898650603864734 0.5187210346666666 0.04602518276972625 0.06403180799999997 1
65 5 0.2975278228663446 0.48701952800000003 0.022672347826086958 0.06724417599999999 8
66 0 0.4567506928341385 0.5441606333333333 0.03520264492753633 0.1069867226666667 1
66 1 0.4925283248792271 0.5843825973333334 0.07343053542673117 0.21393314666666663 1
66 4 0.16266395571658615 0.5280142653333333 0.04783151851851852 0.06646639733333337 1
66 5 0.2935563925120773 0.49890426266666665 0.0237926948470209 0.06963745333333332 8
67 0 0.45607663446054747 0.5442630039999999 0.033925780998389665 0.10465413066666657 1
67 1 0.4895710756843801 0.5902250333333333 0.07141504186795494 0.20984864800000008 1
67 4 0.15570033373590983 0.5355352493333333 0.04979003623188405 0.0688461680000001 1
67 5 0.28976622544283415 0.5055476333333333 0.024975338164251237 0.07218013066666662 8
68 0 0.4552103289049919 0.5443647493333333 0.03315100724637682 0.1024211146666667 1
68 1 0.48644902214170693 0.5777538266666666 0.06944030032206117 0.20477594133333338 1
68 4 0.1488606115136876 0.527430368 0.05182607004830919 0.06975112533333333 1
68 5 0.2850635382447665 0.496281356 0.026312379227053095 0.07486725600000005 8
69 0 0.4543424677938809 0.5318150973333333 0.032405991948470214 0.09846362933333336 1
69 1 0.4834482459742351 0.5655807106666666 0.06756277858293086 0.20036273333333326 1
69 4 0.1416657306763285 0.518908912 0.054002329307568445 0.07066032533333333 1
69 5 0.28000471215781 0.48629062666666667 0.02777734380032204 0.07776325866666656 8
70 0 0.4538842061191626 0.532131288 0.03193438164251211 0.09716886933333324 1
70 1 0.4805617636876006 0.5539038506666667 0.06577580434782604 0.19613551466666662 1
70 4 0.13391744404186795 0.5141739346666666 0.05635333735909824 0.0724962959999999 1
70 5 0.27489706400966185 0.4760862146666667 0.029346675523349408 0.0807658533333333 8
71 0 0.45343908293075685 0.5324401866666666 0.03147538325281801 0.09590765333333329 1
71 1 0.4787989098228663 0.5554360893333333 0.06436428019323664 0.1925773093333334 1
71 4 0.12612096054750402 0.5157228053333334 0.05888184057971013 0.07457166400000009 1
71 5 0.2693216227858293 0.4791666333333333 0.031079469404186766 0.08406296266666669 8
72 0 0.4530065471014493 0.532742036 0.031028472624798742 0.09467867466666663 1
72 1 0.47709571457326894 0.556913824 0.06300941304347824 0.18914590933333336 1
72 4 0.11788534057971013 0.5173628666666666 0.06159793880837358 0.07676913600000002 1
72 5 0.26328953542673106 0.48250850533333334 0.03299202898550721 0.0876401146666666 8
73 0 0.45286888043478263 0.5326327053333333 0.030705223027375217 0.09374533600000001 1
73 1 0.47544918115942025 0.558339912 0.06170795491143316 0.18583465066666666 1
73 4 0.10917229871175524 0.519102416 0.06452196618357488 0.07909981333333332 1
73 5 0.25674219363929146 0.4861465893333333 0.035112421095008034 0.09153456533333332 8
74 0 0.45273402334943635 0.5325261213333333 0.030388283413848638 0.09283029599999998 1
74 1 0.47385651046698873 0.5597170146666667 0.06045689533011278 0.18263733599999998 1
74 4 0.09968195692431561 0.52431938 0.06771034541062802 0.08173978400000004 1
74 5 0.24961048832528177 0.49012208933333334 0.03747465297906602 0.09579050400000005 8
75 0 0.4526018921095008 0.532422188 0.030077462157810042 0.09193301066666665 1
75 1 0.4723150865539453 0.561047612 0.05925344041867958 0.1795481840000001 1
75 4 0.09013351851851852 0.5191354986666666 0.07108934299516909 0.08419900799999991 1
75 5 0.24223426006441223 0.48971762533333335 0.04012555394524961 0.10036021066666667 8
76 1 0.47190780072463767 0.5593753626666667 0.057823994363929154 0.1769486613333333 1
76 4 0.08034820933977456 0.5199865973333333 0.07470050402576489 0.0869076906666667 1
76 5 0.23414825563607083 0.48927262666666665 0.04309984943639289 0.10538789333333332 8
77 1 0.47151193961352655 0.557750372 0.056430565217391315 0.17442324000000003 1
77 4 0.06994340901771337 0.5208941746666667 0.07861170048309178 0.08979646666666663 1
77 5 0.22524456280193236 0.48878068266666663 0.046457423510467 0.11094603199999997 8
78 1 0.4711270322061192 0.5561706706666667 0.05507176006441222 0.1719687973333333 1
78 4 0.05885813969404187 0.5218640493333333 0.08285956441223832 0.09288391199999996 1
78 5 0.21539215982286636 0.48823395599999997 0.05027332608695653 0.1171232559999999 8
79 1 0.4707526352657005 0.554634396 0.053746256038647355 0.16958238133333325 1
79 4 0.04702312037037037 0.5229028666666666 0.08748668035426731 0.09619125866666661 1
79 5 0.20431973953301125 0.48623054266666665 0.054656318035426726 0.12402496800000001 8
80 1 0.47038832930756846 0.553139788 0.05245280032206112 0.16726119733333333 1
80 4 0.040315346215781 0.523785352 0.080630692431562 0.09927707199999997 1
80 5 0.1913240615942029 0.48468573066666665 0.059816440418679534 0.13178735466666658 8
81 1 0.4712388888888889 0.5516181946666666 0.051477962962962975 0.16498950399999995 1
81 4 0.03467694524959742 0.5233770333333333 0.06935389049919484 0.1025324986666667 1
81 5 0.17667957326892111 0.48293444133333335 0.06583716908212561 0.14058690399999996 8
82 1 0.47192875925925926 0.5501370733333333 0.050804342995169116 0.16277874933333336 1
82 4 0.028640444847020934 0.5222220813333334 0.05728088969404187 0.10410458933333333 1
82 5 0.15967244524959742 0.4831763866666666 0.07299519645732688 0.15066092266666664 8
83 1 0.47259917954911435 0.5486948333333332 0.05015023993558776 0.16062650933333333 1
83 4 0.022162160225442835 0.5206326053333333 0.04432432045088567 0.1046147733333333 1
83 5 0.14018827012882448 0.4834556400000001 0.08154686876006441 0.16228971733333336 8
84 1 0.4732522073268921 0.5472899666666666 0.04951227616747189 0.15853049866666669 1
84 4 0.015191774959742353 0.519035364 0.030383549919484706 0.10517000266666676 1
84 5 0.1176398079710145 0.48378154399999995 0.0919085225442834 0.17586332799999993 8
85 1 0.4738885116747182 0.5459210426666667 0.048889818840579746 0.15648853333333335 1
85 4 0.007671028582930757 0.5174282786666666 0.015342057165861515 0.10577097866666668 1
85 5 0.0880524307568438 0.482820116 0.10531710144927536 0.19234940533333333 8
86 1 0.47432399235104666 0.5441759093333334 0.04829325201288248 0.15457472533333344 1
86 5 0.056968446859903384 0.48466273066666665 0.11393689371980677 0.21192958399999995 8
87 1 0.4747489887278583 0.5424727946666666 0.04771106763285021 0.15270715733333334 1
87 5 0.041091035829307565 0.4861945613333333 0.08218207165861513 0.22877575733333327 8
88 1 0.47516387600644117 0.5408101999999999 0.04714275362318837 0.15088418133333337 1
88 5 0.021957101851851853 0.4882546013333333 0.043914203703703705 0.22970392799999995 8
89 1 0.47556901046698874 0.5391866946666667 0.046587818035426776 0.14910421600000007 1
90 1 0.47596473148148144 0.5376009186666667 0.04604579629629629 0.14736575733333335 1
91 1 0.47596580676328504 0.5369445186666667 0.04545327536231891 0.1454659706666666 1
92 1 0.4759668413848631 0.5363048613333333 0.0448758099838969 0.1436145439999999 1
93 1 0.47596783655394526 0.535681312 0.04431283413848636 0.14180965333333334 1
94 1 0.47596879388083735 0.535073272 0.04376380837359095 0.140049568 1
95 1 0.47596971658615134 0.5344801693333333 0.043228220611916224 0.13833263733333334 1
96 1 0.4759630543478261 0.5289144733333333 0.042645121578099854 0.1363982213333334 1
97 1 0.47595641264090177 0.523499012 0.04207638888888887 0.13452050933333337 1
98 1 0.4766190591787439 0.528513384 0.04152040177133659 0.13273655466666662 1
98 6 0.24079242834138487 0.47572556266666666 0.035204919484702085 0.05187317333333347 1
99 1 0.4772642008856683 0.533396572 0.04097823107890497 0.13099478133333337 1
99 6 0.2357698160225443 0.4849398106666667 0.036353736714975826 0.053044666666666684 1
99 8 0.26036379871175525 0.48012734533333334 0.029602795491143336 0.0496463173333333 1
100 1 0.4778925229468599 0.5381536226666667 0.04044932286634467 0.12929373066666666 1
100 6 0.23068517793880838 0.48615799066666665 0.03755588566827697 0.05426189600000003 1
100 8 0.25633486030595815 0.48432599600000004 0.030494950885668254 0.05067159200000004 1
101 1 0.47808133252818036 0.5377164146666666 0.03993337681159426 0.12761889333333332 1
101 6 0.2252865994363929 0.4917419213333334 0.0388363276972625 0.05554021600000009 1
101 8 0.25214198550724637 0.48870073733333336 0.03143450241545895 0.051739901333333393 1
102 1 0.47826527455716583 0.5372904493333334 0.0394293542673107 0.1259863653333333 1
102 6 0.21963660668276974 0.497594592 0.0401948220611916 0.056879882666666604 1
102 8 0.24777494927536234 0.49326288400000007 0.03242510789049918 0.05285400800000001 1
103 1 0.47844453985507246 0.5368752999999999 0.03893680917874398 0.12439456266666665 1
103 6 0.213717191626409 0.5037358786666667 0.0416382995169082 0.05828541599999998 1
103 7 0.2655795744766506 0.4964860066666667 0.029828295491143353 0.04786694666666669 1
103 8 0.24322265579710145 0.49802474266666663 0.033470794685990346 0.054016925333333354 1
104 1 0.47861930917874396 0.536470556 0.038455312399355845 0.12284198133333335 1
104 6 0.20718620974235102 0.5039057773333333 0.04320243236714974 0.05977100533333335 1
104 7 0.2615863293075684 0.49678079733333336 0.030719056360708485 0.04881553066666672 1
104 8 0.23847304589371981 0.50299972 0.034576006441223855 0.05523193066666665 1
105 1 0.4787897560386474 0.5360758306666666 0.037984460547503984 0.1213271866666667 1
105 6 0.20032532568438005 0.5040845573333332 0.04487165619967795 0.06133431999999994 1
105 7 0.25743677979066026 0.49708751599999995 0.0316561505636071 0.049802471999999987 1
105 8 0.2331242842190016 0.5031471133333334 0.03579039613526569 0.05653562400000001 1
106 1 0.47910257729468597 0.534411188 0.037480130434782655 0.11971440800000005 1
106 6 0.19310885144927536 0.5042729346666667 0.04665620692431563 0.06298163466666667 1
106 7 0.25312155273752013 0.49740690266666665 0.032643047504025774 0.050830141333333356 1
106 8 0.22752539170692432 0.503301644 0.03708051771336557 0.05790235999999993 1
107 1 0.4794071996779388 0.532790188 0.03698901771336549 0.11814394400000006 1
107 6 0.18550835909822866 0.5044717026666667 0.04856764090177132 0.06471989600000005 1
107 7 0.24863050966183575 0.49773975733333337 0.03368356199677938 0.05190111466666669 1
107 8 0.22165837560386475 0.5034638426666667 0.03845319887278584 0.05933683200000006 1
108 1 0.47970394243156195 0.5312111386666667 0.0365106078904992 0.1166141493333333 1
108 6 0.17749229830917873 0.504681744 0.05061903784219002 0.06655685866666672 1
108 7 0.24395266344605473 0.49808695066666664 0.034781888888888834 0.05301818399999991 1
108 8 0.21550347262479871 0.503634292 0.03991607729468599 0.06084419466666663 1
109 1 0.47999310547504026 0.5296724333333334 0.03604441545893716 0.11512346933333334 1
109 6 0.16863191425120772 0.507374184 0.052943640096618366 0.06860756266666668 1
109 7 0.23906373148148147 0.5002416653333333 0.03598788486312399 0.05425016799999993 1
109 8 0.20903892270531402 0.5038136413333334 0.0414777149758454 0.06243015733333335 1
110 1 0.48027497745571657 0.5281725426666667 0.03558997906602257 0.11367041333333333 1
110 6 0.15923029871175523 0.5102377453333333 0.05545903381642514 0.07078850400000003 1
110 7 0.23395117109500804 0.502498472 0.0372671618357488 0.05554066666666663 1
110 8 0.2021417536231884 0.5065139826666667 0.043181067632850234 0.06412220000000002 1
111 1 0.4809559343800322 0.5299733546666667 0.0351890587761674 0.11239065599999998 1
111 6 0.14923618599033817 0.51328928 0.058187982286634424 0.0731125013333333 1
111 7 0.22859925080515298 0.504864804 0.03862615861513685 0.056893949333333305 1
111 8 0.19487511594202897 0.509364496 0.045007072463768116 0.06590836266666678 1
112 1 0.48162171215781 0.531734028 0.034797070048309175 0.11113938933333345 1
112 6 0.13859161030595812 0.51654792 0.06115683896940417 0.07559410666666666 1
112 7 0.22299072826086958 0.5073488346666667 0.040072063607085345 0.058314709333333214 1
112 8 0.18720844444444446 0.5123780666666666 0.046968505636070856 0.06779673599999997 1
113 1 0.4822728123993558 0.5334558906666667 0.03441371980676328 0.10991568000000002 1
113 6 0.12723076811594203 0.5200354973333333 0.06439627214170691 0.07824991733333331 1
113 7 0.2171066578099839 0.5099595666666666 0.04161291304347825 0.059808130666666626 1
113 8 0.17910770491143319 0.5155690973333333 0.049079899355877615 0.06979634400000001 1
114 1 0.48290971497584545 0.5351402093333333 0.03403872302737526 0.10871862133333343 1
114 6 0.11464329750402577 0.5203176346666667 0.06807996698872787 0.08119856533333325 1
114 7 0.21071668276972627 0.5079051693333334 0.04331431723027376 0.06140460000000003 1
114 8 0.17053487439613527 0.5188903133333334 0.05135784057971016 0.07204416800000002 1
115 1 0.4835328800322061 0.5366854013333333 0.03367180998389696 0.10775296266666662 1
115 6 0.1011137226247987 0.5206218213333333 0.0721387801932367 0.08437827200000003 1
115 7 0.20398813285024156 0.5057376173333333 0.04513662962962961 0.06308886133333336 1
115 8 0.16097752334943638 0.5162786266666667 0.0539642383252818 0.07429081599999998 1
116 1 0.4837887270531401 0.5356805773333333 0.03334400161030604 0.10664782133333339 1
116 6 0.08653182487922706 0.5209507413333333 0.07662841465378423 0.08781730133333338 1
116 7 0.19689330595813204 0.5034472973333334 0.047092285024154606 0.06486836533333334 1
116 8 0.15079344565217392 0.5134204773333334 0.05680281400966186 0.0768266933333333 1
117 1 0.4840396400966184 0.5346946693333334 0.03302251368760062 0.10556494933333338 1
117 6 0.07076944363929147 0.5213075413333333 0.08161558615136875 0.09154872533333336 1
117 7 0.18940138405797102 0.501023476 0.04919540579710144 0.06675142133333334 1
117 8 0.13991874154589373 0.5103598386666667 0.059903578099838956 0.07954220533333328 1
118 1 0.48428576006441226 0.533727148 0.032707165861513676 0.10450368266666671 1
118 6 0.05367664331723027 0.5216959240000001 0.08718078904991948 0.09561149066666663 1
118 7 0.18162945933977453 0.5103492813333332 0.05144900563607083 0.06878625333333332 1
118 8 0.12808204508856683 0.5179313746666667 0.06332729468599031 0.08247855200000004 1
119 1 0.48452722302737516 0.5327722226666667 0.03239778421900169 0.10347394933333331 1
119 6 0.04048626247987117 0.5234304013333333 0.08097252495974235 0.09980421066666667 1
119 7 0.17217592632850243 0.5131556773333333 0.05421069806763282 0.07120558399999993 1
119 8 0.11538212479871175 0.5259871786666667 0.0670938808373591 0.08582770666666661 1
120 1 0.48476415982286636 0.5318152893333333 0.032094200483091806 0.10250335733333338 1
120 6 0.03161511513687601 0.5251524093333333 0.06323023027375202 0.104043112 1
120 7 0.16206511553945252 0.5161661186666666 0.05723348389694041 0.07380112799999994 1
120 8 0.1010379154589372 0.5278275093333333 0.07143097101449275 0.08938886400000001 1
121 1 0.48444451086956525 0.5315061866666666 0.031868966988727876 0.10178410133333332 1
121 6 0.021919114331723027 0.5251906186666666 0.043838228663446055 0.10419070399999997 1
121 7 0.15122579347826087 0.5194037013333334 0.06055324557165863 0.07659285866666671 1
121 8 0.0855156956521739 0.5298264186666667 0.07626164412238325 0.09325804266666671 1
122 1 0.48412931561996775 0.531201392 0.03164687439613528 0.10107486933333332 1
122 6 0.011277611111111112 0.5252320906666668 0.022555222222222223 0.10435089600000003 1
122 7 0.13957601650563609 0.5228485199999999 0.06421241304347826 0.07969712533333329 1
122 8 0.06866356239935587 0.5320053306666667 0.08166754830917873 0.09747699733333332 1
123 1 0.483818481078905 0.5309008159999999 0.03142785426731082 0.1003754506666667 1
123 7 0.12701731441223832 0.5233969999999999 0.06826078341384866 0.08284873599999998 1
123 8 0.05030222020933977 0.534389712 0.08774832769726247 0.10209539733333334 1
124 1 0.4835119178743961 0.5306043706666668 0.031211845410628047 0.09968564800000002 1
124 7 0.11369342834138486 0.5250797373333334 0.07255776811594203 0.08616368266666674 1
124 8 0.03876590458937198 0.5366897186666667 0.07753180917874396 0.10653206133333337 1
125 1 0.4832095382447665 0.5303119746666667 0.03099878663446054 0.09900526133333326 1
125 7 0.09931635185185186 0.5269027373333333 0.07732651207729468 0.08975495199999994 1
125 8 0.029594703301127217 0.5382770773333333 0.059189406602254434 0.10994182400000002 1
126 1 0.48353838123993553 0.5279796626666666 0.0308474194847021 0.09851975733333335 1
126 7 0.08375550080515298 0.5288843 0.08264205314009661 0.09365859466666665 1
126 8 0.019535738325281805 0.5381285746666666 0.03907147665056361 0.10990260000000002 1
127 1 0.4838640265700483 0.5256700320000001 0.03069752334943643 0.09803899200000005 1
127 7 0.06685767632850241 0.5310460533333333 0.0885952995169082 0.09791722133333325 1
127 8 0.00845355273752013 0.5379797 0.01690710547504026 0.10988883999999999 1
128 1 0.4841865193236715 0.523382756 0.030549077294686033 0.09756289333333334 1
128 7 0.04844190660225443 0.5334135133333333 0.0952972882447665 0.10258202399999994 1
129 1 0.48450590660225445 0.5211175106666667 0.030402059581320473 0.09709140000000005 1
129 7 0.03977057850241546 0.5355498093333333 0.07954115700483091 0.10680665866666661 1
130 1 0.48482223309178746 0.51887398 0.030256450080515362 0.09662443999999998 1
130 7 0.030742159017713367 0.53708754 0.061484318035426734 0.10982980000000003 1
131 1 0.4851796799516908 0.5194785186666666 0.03012591867954917 0.09620767199999997 1
131 7 0.02085212238325282 0.5370190426666667 0.04170424476650564 0.10963549333333322 1
132 1 0.4855340535426731 0.5200778586666667 0.029996509661835702 0.09579447999999996 1
132 7 0.009970952495974234 0.5369612773333333 0.019941904991948468 0.10945690666666663 1
133 1 0.4858853933172303 0.520672068 0.029868206924315577 0.09538482400000009 1
134 1 0.4870489597423511 0.5166608013333334 0.029740336553945312 0.09497246666666675 1
135 1 0.4882025780998389 0.5126838293333333 0.029613557165861504 0.09456365866666672 1
136 1 0.48851961714975844 0.5089165093333333 0.029487640096618417 0.09415859733333326 1
137 1 0.4888339698067633 0.5051811159999999 0.029362789855072402 0.09375699466666665 1
138 1 0.48914566948470206 0.5014772439999999 0.02923899114331724 0.09335880266666663 1
139 1 0.4892751747181965 0.5143161986666667 0.029118835748792204 0.09298400266666662 1
140 1 0.4894036195652174 0.527050028 0.028999664251207646 0.09261219999999998 1
141 1 0.4889355293880837 0.5247327866666667 0.028919021739130413 0.09235349866666659 1
142 1 0.48847003140096623 0.5224283746666667 0.028838826086956593 0.09209623733333339 1
143 1 0.48800710305958134 0.5201366866666666 0.028759074074074076 0.09184040800000004 1
