0 0 0.13780602093397745 0.5780507693333333 0.16230105636070852 0.180923224 1
0 1 0.40546145008051526 0.5244492186666667 0.11817512560386473 0.13165930133333342 1
0 2 0.7110843409822866 0.5512449733333333 0.12468749194847017 0.2399770933333334 1
0 3 0.797658365136876 0.4648132586666667 0.11211476247987107 0.15249304533333335 8
0 40 0.9541635499194847 0.5147626746666667 0.09006259420289853 0.16153288533333338 1
1 0 0.08878280998389694 0.5853787613333333 0.17756561996779388 0.19853585866666662 1
1 1 0.38334709420289853 0.524627684 0.12465310144927533 0.13849197066666674 1
1 2 0.7334243357487923 0.5495061493333333 0.12999572946859894 0.24488502933333328 1
1 3 0.7939564396135266 0.4641285666666667 0.11465776811594197 0.15693342666666665 8
1 40 0.9732982016908214 0.5138319253333333 0.05179329066022531 0.16513059199999996 1
2 0 0.06454765861513688 0.58621554 0.12909531723027376 0.2036607973333333 1
2 1 0.358924384057971 0.5248594586666666 0.13203553784219002 0.14604136 1
2 2 0.7567056010466988 0.5476744506666666 0.13571289130434783 0.249930416 1
2 3 0.7900319545088567 0.4634111306666666 0.11732552737520119 0.16163633599999988 8
2 4 0.9848279202898551 0.458479148 0.028733853462157732 0.11861253066666672 1
2 40 0.9934941010466989 0.5102728853333334 0.011401491948470177 0.15836610133333334 1
3 0 0.03578706803542673 0.58605208 0.07157413607085346 0.20741767466666666 1
3 1 0.3318104271336554 0.5251595373333333 0.14053195088566828 0.15442904800000007 1
3 2 0.7809896956521739 0.5457456293333334 0.14189479066022548 0.2551190826666667 1
3 3 0.7825422109500805 0.46100404133333334 0.12010902254428335 0.16672938933333337 8
3 4 0.9845109863123993 0.45997850799999995 0.029367721417069226 0.12128660000000008 1
4 1 0.2993436731078905 0.527892708 0.15085010950080516 0.1646023493333334 1
4 2 0.8063439774557166 0.5437152346666667 0.1486038808373592 0.26045736 1
4 3 0.7745627097423511 0.45844735866666664 0.12306571256038645 0.17213802400000006 8
4 4 0.9842072173913043 0.4615468893333333 0.029975259259259257 0.1240857786666667 1
5 1 0.26267435225442837 0.5307570226666667 0.1630863357487923 0.17679967733333324 1
5 2 0.832842286231884 0.5415785853333334 0.15591013285024147 0.2659521413333333 1
5 3 0.7621567652979065 0.46367370933333335 0.1253294597423511 0.177032768 8
5 4 0.981096577294686 0.4682132493333333 0.03619653945249601 0.1276635066666667 1
6 1 0.21937634219001612 0.5414290266666666 0.17881085829307566 0.19183300800000003 1
6 2 0.8605658212560385 0.5393307533333334 0.16389209017713358 0.2716109413333334 1
6 3 0.7490832822061191 0.4691675026666666 0.12773918760064407 0.18230369866666662 8
6 4 0.9778977129629629 0.4752988226666667 0.042594268115942024 0.1304913413333333 1
7 1 0.169217615136876 0.5540632866666666 0.19827995330112722 0.20961128799999995 1
7 2 0.8850868023349436 0.542422912 0.16821481239935598 0.2746462506666667 1
7 3 0.7352868981481482 0.47499787466666665 0.13031174154589376 0.187895712 8
7 4 0.9726570008051529 0.48067135066666666 0.05307569243156207 0.1328601093333333 1
8 1 0.11036587922705314 0.5647285093333334 0.22073175845410628 0.23233157866666676 1
8 2 0.9102089738325282 0.5455789813333334 0.1728879251207731 0.27772955733333327 1
8 3 0.7165651863929146 0.4829643453333333 0.13318860950080513 0.19421307466666665 8
8 4 0.9672535998389694 0.48623576533333335 0.06388249436392912 0.13529921066666667 1
9 1 0.08237991666666666 0.5689691 0.16475983333333333 0.24055181599999997 1
9 2 0.9230913743961352 0.5488004733333334 0.15220694524959755 0.2808621680000001 1
9 3 0.6946853844605475 0.4841848826666667 0.13598110708534628 0.20046900266666673 8
9 4 0.957640592995169 0.48558858000000005 0.0831085080515298 0.137337912 1
10 1 0.04906101610305958 0.572632728 0.09812203220611916 0.24643609066666655 1
10 2 0.9307328023349436 0.5537664693333333 0.13692408937198075 0.28225680000000003 1
10 3 0.6696750281803543 0.4883275813333333 0.1387168502415459 0.2074437386666667 8
10 4 0.9477710921900161 0.48504058799999994 0.10284750966183576 0.13918902133333327 1
11 2 0.9384374118357488 0.55877932 0.12151487037037023 0.2836580426666667 1
11 3 0.6431070201288245 0.4927670866666667 0.1418031835748792 0.21491143200000007 8
11 4 0.9316546115136877 0.484392088 0.11116828743961349 0.14125199466666666 1
12 2 0.9462059541062802 0.5638393546666667 0.1059777858293075 0.285065968 1
12 3 0.6102210338164251 0.5065588053333334 0.14564531884057963 0.22359129600000005 8
12 4 0.9047832701288245 0.5028327626666667 0.11038783655394535 0.14439278399999994 1
13 2 0.9511813417874396 0.5779383146666667 0.0960270104669887 0.28222626666666667 1
13 3 0.5749533019323672 0.5215059 0.15007464734299525 0.23298945333333337 8
13 4 0.8761400152979066 0.5190548973333333 0.1088589066022545 0.14677757600000008 1
14 2 0.9561118168276972 0.5905438466666666 0.08616606038647345 0.2762633146666666 1
14 3 0.5373331219806763 0.5306512840000001 0.15676275120772942 0.2464059653333333 8
14 4 0.8465692979066022 0.529490528 0.1107471207729468 0.14977234666666667 1
15 2 0.9576258526570048 0.593051248 0.08313798872785827 0.27016472533333324 1
15 3 0.49581508091787446 0.5409033679999999 0.16473134380032206 0.26142875199999993 8
15 4 0.8141054520933977 0.5370977613333333 0.11008257246376807 0.15314669600000003 1
16 2 0.9591347455716586 0.595459512 0.08012020289855071 0.26435627733333344 1
16 3 0.44975520450885664 0.5524731533333334 0.1743235233494364 0.27836314399999995 8
16 4 0.7805328590982288 0.5449738613333333 0.10974317230273767 0.15674172266666664 1
16 5 0.9376813707729468 0.535666024 0.0921723196457328 0.11793708800000008 1
17 2 0.9587291650563607 0.5973954666666667 0.08093136392914657 0.2625075786666666 1
17 3 0.3983576316425121 0.56562872 0.18599194283413845 0.297597136 8
17 4 0.7467412230273751 0.549412568 0.11017557809983891 0.16206081599999994 1
17 5 0.9041057238325282 0.5384504946666666 0.08950654750402554 0.11874600266666663 1
18 2 0.9556069041867955 0.594741948 0.08717588566827694 0.25715500533333335 1
18 3 0.3429512109500805 0.571851308 0.2035120821256039 0.32568683999999987 8
18 4 0.7109805640096618 0.5541277373333333 0.11112548872785821 0.16775676 1
18 5 0.8703272061191626 0.5412457946666667 0.08715929468599048 0.1195751573333334 1
19 2 0.9526718425925926 0.5918113626666667 0.0930460088566828 0.25125382933333335 1
19 3 0.27859513687600646 0.5851178693333333 0.22574027536231883 0.35936490133333326 8
19 4 0.676709058373591 0.558524888 0.11253670772946855 0.17286169599999995 1
19 5 0.8385749537037036 0.5411522986666667 0.08473732286634461 0.11969756799999992 1
19 6 0.9371630189210951 0.5291801826666667 0.07309568840579705 0.09246502666666667 1
20 2 0.9499097028985508 0.588341572 0.09857028824476644 0.24427950666666665 1
20 3 0.2009986682769726 0.6014080213333333 0.25703985668276974 0.4006986613333333 8
20 4 0.6418172987117552 0.564025336 0.11648715780998398 0.18105956266666673 1
20 5 0.8087262338969403 0.540323624 0.08385588486312401 0.12169384533333333 1
20 6 0.9043607822061193 0.52464684 0.069232079710145 0.09137738666666662 1
21 2 0.9473075318035427 0.5850503573333333 0.10377463043478263 0.23766736000000005 1
21 3 0.13266498389694042 0.6217899106666667 0.26532996779388085 0.4471709680000001 8
21 4 0.6039472995169082 0.570040176 0.12138530756843802 0.19007429866666664 1
21 5 0.7779393711755234 0.5394685573333333 0.08328265378421895 0.12371716799999999 1
21 6 0.8721685853462158 0.5201939066666667 0.06571474074074068 0.09024251200000005 1
22 2 0.9383397528180355 0.5798334626666667 0.11037667310789046 0.23014407199999992 1
22 3 0.0930903345410628 0.6328248000000001 0.1861806690821256 0.4661490026666667 8
22 4 0.5660175342190017 0.5791731373333333 0.12842124074074068 0.20242635999999997 1
22 5 0.7475293800322061 0.5440107186666666 0.08273607890499202 0.1260331013333333 1
22 6 0.8418327330917874 0.5266797973333333 0.06288480434782606 0.09067057066666673 1
22 7 0.8930986090982287 0.5193116306666666 0.04934809581320443 0.08117371466666662 1
23 2 0.9188526719001611 0.5867700306666667 0.10194138888888882 0.22315631199999997 1
23 3 0.04314095450885668 0.6425787466666666 0.08628190901771336 0.47932065599999996 8
23 4 0.5236722270531401 0.5894702413333334 0.1371755040257649 0.21650435466666673 1
23 5 0.7163072926731079 0.5486695973333333 0.08252676247987112 0.1284499733333333 1
23 6 0.8116450346215781 0.5331187066666667 0.06032419484702101 0.09114090133333336 1
23 7 0.8600482842190016 0.5262517346666666 0.04637207890499184 0.08079520266666668 1
23 40 0.9918768756038647 0.5408611786666667 0.014635942834138382 0.10378962666666669 1
24 2 0.9007071557971015 0.59317778 0.0941550893719807 0.2166359599999999 1
24 4 0.4784408772141707 0.5976263786666667 0.14898859339774556 0.23561188800000005 1
24 5 0.6846820052334943 0.559018424 0.08261840821256039 0.1335339413333334 1
24 6 0.7812728313204509 0.538331068 0.05910365136876006 0.09205950666666668 1
24 7 0.8277125724637681 0.5330223373333333 0.04366895813204508 0.08045275466666663 1
24 8 0.8480829617552335 0.5298085573333333 0.03646532125603874 0.07334039999999997 1
24 40 0.9762458764090176 0.5495482386666666 0.04589794122383262 0.10254475999999996 1
25 2 0.8794896509661836 0.5939110013333334 0.0890399847020934 0.20908861066666679 1
25 4 0.42556472302737525 0.6073940333333333 0.16466589210950083 0.2583198 1
25 5 0.6519248836553946 0.5600849720000001 0.08324178663446058 0.1377759546666667 1
25 6 0.7506840825281804 0.543570284 0.05812625040257646 0.09301218933333333 1
25 7 0.796067790257649 0.5396282093333333 0.041217087761674764 0.08013819999999999 1
25 8 0.8168155696457327 0.53216498 0.03461358051529784 0.0728108666666667 1
25 9 0.8381741755233494 0.5255452506666667 0.02893377294686006 0.06541899733333328 1
25 40 0.9458276131239935 0.5563796746666667 0.04212197665056372 0.09876068266666671 1
26 2 0.8524590708534621 0.5832030306666667 0.08183282125603852 0.1988361999999999 1
26 4 0.36755933816425124 0.622218816 0.1861581046698873 0.2881503946666667 1
26 5 0.6172287773752012 0.5612151813333333 0.08448175925925938 0.14222963733333333 1
26 6 0.7183796590177134 0.5398087253333334 0.057115883252818134 0.09347551466666665 1
26 7 0.7627875483091787 0.5334591293333333 0.039520230273752066 0.07932128799999999 1
26 8 0.7842949122383253 0.5259021893333333 0.03298964090177137 0.07150121599999998 1
26 9 0.802793535426731 0.5201710973333333 0.027612723027375274 0.06414593866666657 1
26 40 0.9070846336553946 0.5511757506666666 0.038128365539452536 0.09367511733333334 1
27 2 0.8275616630434783 0.5733705013333333 0.07528975925925929 0.18940012266666661 1
27 4 0.296704905394525 0.640877512 0.21613397826086958 0.32566597333333336 1
27 5 0.5795276276167471 0.5619675879999999 0.08965876086956526 0.14864014133333325 1
27 6 0.6855262753623189 0.535981204 0.056409832528180326 0.09387693066666658 1
27 7 0.7298028921095008 0.5273484493333334 0.038042942028985505 0.07845677066666673 1
27 8 0.7503820370370371 0.523657112 0.03176218840579714 0.07068296000000002 1
27 9 0.7684502934782609 0.5149588439999999 0.026453089371980654 0.0628905626666666 1
27 40 0.8717556469404186 0.5463974866666668 0.03458990418679564 0.08911572000000001 1
28 2 0.7988328385668277 0.5719335746666667 0.0681925644122382 0.18156772533333332 1
28 4 0.20770229428341386 0.6594986439999999 0.26798522302737515 0.385768472 1
28 5 0.5427478993558776 0.566841228 0.09395271497584545 0.15694488266666667 1
28 6 0.6535864702093398 0.5375260266666666 0.056307420289855026 0.09560209600000003 1
28 7 0.6972602431561996 0.528849268 0.03741793880837363 0.07895390666666663 1
28 8 0.7170705527375201 0.5214500906666666 0.030713268115941994 0.06985814400000001 1
28 9 0.7345165921900161 0.5157287773333333 0.025535699677938895 0.062172775999999985 1
28 40 0.834345673510467 0.5418447346666666 0.0316875257648952 0.08471257333333332 1
29 2 0.772300597020934 0.5705814053333333 0.061726393719806816 0.17429506133333328 1
29 4 0.13289187922705314 0.690313472 0.2657837584541063 0.4600254453333333 1
29 5 0.5021395668276972 0.5722510133333333 0.09969625764895329 0.16618488000000003 1
29 6 0.6205902987117552 0.5391146706666666 0.05656193880837357 0.097371928 1
29 7 0.6643842073268922 0.5303586026666667 0.03699979790660224 0.07944826133333333 1
29 8 0.684819403784219 0.5215629453333334 0.030067214975845413 0.06985494133333336 1
29 9 0.7017359766505636 0.5165910653333334 0.024804513687600727 0.061659341333333395 1
29 40 0.8001233707729468 0.5376880066666667 0.029080654589372035 0.08068541599999995 1
30 2 0.7425882053140097 0.5672337786666667 0.05854003059581325 0.16755793066666674 1
30 4 0.08258126610305959 0.6831938519999999 0.16516253220611918 0.4561805306666666 1
30 5 0.4596494589371981 0.577236552 0.10716975845410631 0.17837246933333334 1
30 6 0.5881583530595813 0.5390052399999999 0.05731724235104663 0.09941131199999992 1
30 7 0.6326406791465378 0.5291988160000001 0.03672331642512072 0.07978730133333334 1
30 8 0.6525461284219001 0.5216716466666667 0.029585272946859864 0.06983942133333337 1
30 9 0.6694980865539453 0.517435356 0.024187614331723006 0.06114905333333326 1
30 40 0.7688039029790661 0.533878124 0.026921158615136886 0.07698882400000007 1
31 2 0.7148697556360708 0.5641180720000001 0.055593623993558716 0.16128237866666673 1
31 5 0.4144741304347826 0.583437312 0.12026864573268925 0.19437261333333333 1
31 6 0.5543002801932367 0.5388871906666667 0.058509835748792316 0.10150530933333335 1
31 7 0.6004924146537842 0.5280216186666666 0.03664070531400965 0.08010796799999997 1
31 8 0.6211822741545894 0.5201076933333333 0.029387155394524966 0.07014006399999995 1
31 9 0.6392316461352656 0.5153121946666667 0.023742173107890507 0.060820325333333314 1
31 40 0.7338101191626409 0.53220344 0.025948840579710253 0.0739226346666666 1
32 2 0.6849463103864735 0.5591211613333333 0.05127155958132046 0.15529123466666667 1
32 5 0.3610789001610306 0.59093698 0.13795959259259255 0.21350624799999995 1
32 6 0.5213795736714976 0.5398951093333333 0.06014100241545889 0.10487449066666671 1
32 7 0.5685505515297906 0.5272798426666667 0.03717999999999988 0.0815160106666667 1
32 8 0.5893703937198067 0.5185198613333334 0.02935840901771336 0.07042446933333335 1
32 9 0.607392293478261 0.513375872 0.023605145732689237 0.060824047999999964 1
32 40 0.7014241658615137 0.530652228 0.025213077294686026 0.07107994933333339 1
33 2 0.6568369782608696 0.55442418 0.04728500161030602 0.1496357733333334 1
33 5 0.3028685539452496 0.6030349693333333 0.16127919001610302 0.24120009333333337 1
33 6 0.48608165982286644 0.540285132 0.06416569806763289 0.10887103200000003 1
33 7 0.5353279214975846 0.5265069466666666 0.03800249677938805 0.082956784 1
33 8 0.5570289182769727 0.5183079973333333 0.029867087761674682 0.07144028266666663 1
33 9 0.575359346215781 0.5114475146666666 0.023579386473429942 0.06085438399999993 1
34 2 0.628081423510467 0.5498041373333333 0.04525494041867961 0.14403873333333345 1
34 5 0.22884509299516909 0.6188720839999999 0.1961442037037037 0.277092568 1
34 6 0.4502670716586151 0.5410133933333333 0.06716157648953303 0.11354482933333337 1
34 7 0.5035030732689211 0.526144236 0.03914187278582926 0.08506206666666666 1
34 8 0.5262774553140097 0.5170827733333333 0.030418968599033813 0.0725273973333333 1
34 9 0.5438235205314009 0.5098218173333333 0.023773913848631256 0.061358637333333355 1
35 2 0.6013849323671498 0.5463874866666667 0.043858703703703594 0.1403914 1
35 5 0.14250620571658615 0.6500449306666667 0.2509495611916264 0.33275537066666666 1
35 6 0.4140463953301127 0.5417633813333333 0.07062663607085351 0.11844462399999994 1
35 7 0.4716451095008052 0.5259313293333333 0.040503315619967784 0.08754968799999996 1
35 8 0.4944285056360709 0.5158550853333334 0.03118977294685993 0.07371763733333331 1
35 9 0.5116801243961353 0.5081632093333333 0.024093258454106314 0.061856845333333355 1
36 2 0.5758157330917875 0.542967164 0.04261106521739122 0.13718378399999992 1
36 5 0.09566353421900162 0.6814891853333334 0.19132706843800323 0.3869681786666666 1
36 6 0.37843403059581315 0.5480409866666667 0.07692447342995173 0.126232768 1
36 7 0.4411907652979066 0.5289913653333334 0.043549607890499165 0.09085724266666673 1
36 8 0.4663240301932367 0.5163178973333333 0.031849385668276886 0.07536478133333335 1
36 9 0.4847972620772947 0.509275116 0.02465777697262489 0.06295164533333336 1
37 2 0.5554562451690821 0.5420149013333333 0.04146256763285028 0.1342406826666666 1
37 5 0.05916442914653784 0.6886401106666666 0.11832885829307568 0.3800868506666667 1
37 6 0.3450589017713365 0.5554527133333333 0.08386158132045085 0.1356627066666667 1
37 7 0.4144822306763285 0.5323404746666667 0.046545981481481535 0.09458368533333333 1
37 8 0.44121569122383253 0.5193678466666667 0.03230939371980679 0.07733425333333332 1
37 9 0.4613187801932367 0.5100868199999999 0.0251178647342995 0.06421054133333332 1
38 2 0.5359950100644122 0.5411243493333333 0.040409390499194786 0.13146617599999993 1
38 6 0.3117938007246377 0.5656212533333334 0.09479726167471825 0.14709601599999994 1
38 7 0.39047338607085347 0.5369672466666666 0.04871144524959742 0.09905576800000004 1
38 8 0.41879425201288245 0.5209767626666666 0.03462301449275368 0.08025900266666663 1
38 9 0.439588365942029 0.5118064 0.02553028099838961 0.06556317333333328 1
39 2 0.5209899927536232 0.539980016 0.03957291948470221 0.12906086399999994 1
39 6 0.28114335587761674 0.5736942439999999 0.10488468760064415 0.15987407733333325 1
39 7 0.3687101284219002 0.5407015933333333 0.05085802818035429 0.10387519200000006 1
39 8 0.3989360346215781 0.5248339293333333 0.03688605314009663 0.08369947999999994 1
39 9 0.42189827536231883 0.5151421266666667 0.025770935587761667 0.06724569866666663 1
40 2 0.5065390829307569 0.5388757893333334 0.03878950885668275 0.12673975999999998 1
40 6 0.24542672544283411 0.5832112906666667 0.11789457004830917 0.17506782400000004 1
40 7 0.3479051481481481 0.5435951973333333 0.05412499355877615 0.10905752533333335 1
40 8 0.38116850120772944 0.5286271493333333 0.039127690016103056 0.0874380053333334 1
40 9 0.40645667954911435 0.5158225493333333 0.025871800322061156 0.06885311999999993 1
41 2 0.49695674677938806 0.5394588093333333 0.0380801972624798 0.12454070133333334 1
41 6 0.20938060909822867 0.5936900373333334 0.1367991119162641 0.1935145600000001 1
41 7 0.3281719851046699 0.5493713333333334 0.05759040338164256 0.11515999466666671 1
41 8 0.3658403699677939 0.5307554733333333 0.040862532206119184 0.09036022133333338 1
41 9 0.39244551972624797 0.518384024 0.027083973429951724 0.07069957333333332 1
41 10 0.4080638466183575 0.5128950879999999 0.024547836553945213 0.05161288533333325 1
42 2 0.4877099363929146 0.5400195466666666 0.037405645732689174 0.12241751466666662 1
42 6 0.1698396775362319 0.6118260746666666 0.16052888808373594 0.21789219199999998 1
42 7 0.3107589351851852 0.5555071333333333 0.0632985128824477 0.12245029866666673 1
42 8 0.3539125724637681 0.5353220439999999 0.042314392914653776 0.09378705333333326 1
42 9 0.3808525732689211 0.5218937453333333 0.028175283413848617 0.07270784266666669 1
42 10 0.3976913148148148 0.51579498 0.025780270531400917 0.05273858399999992 1
43 2 0.48206472785829313 0.5411156546666667 0.03688827858293081 0.12076701600000006 1
43 6 0.12644180314009662 0.6342747226666667 0.19075089935587763 0.24902218133333343 1
43 7 0.29392779428341387 0.56229288 0.0695855789049919 0.13069821333333337 1
43 8 0.344306425925926 0.538445684 0.045352995169082144 0.09793186933333337 1
43 9 0.37441536916264095 0.523854628 0.02904893478260867 0.0750339920000001 1
43 10 0.3904184464573269 0.5186978613333333 0.02684846457326895 0.05397839466666665 1
44 2 0.4791653506441224 0.5411709573333333 0.03638733896940416 0.11919992533333329 1
44 6 0.09673004871175524 0.658636068 0.19346009742351047 0.28577028533333326 1
44 7 0.2806540966183575 0.567921028 0.07612310950080514 0.13968512266666666 1
44 8 0.33388916143317227 0.541841696 0.048749128019323684 0.10245711999999996 1
44 9 0.3675800112721417 0.5259396906666667 0.0300104798711755 0.07751466666666662 1
44 10 0.3848982117552335 0.5216527133333333 0.027848017713365536 0.055332311999999995 1
45 2 0.4763448824476651 0.5412092666666667 0.03589717069243159 0.11770151466666667 1
45 6 0.07948560466988727 0.6865951573333333 0.15897120933977454 0.32712920533333334 1
45 7 0.26558787479871176 0.5743461360000001 0.08383549516908217 0.14999277866666666 1
45 8 0.32582238929146534 0.5471049213333333 0.05160223752012877 0.1075360826666667 1
45 9 0.3603082971014493 0.5281611306666667 0.03107187761674718 0.08016572799999999 1
45 10 0.38195656481481477 0.523792324 0.028657678743961357 0.05663699466666666 1
46 2 0.4757627528180355 0.5395758079999999 0.03543111916264091 0.11606513066666663 1
46 6 0.05806089331723028 0.692577424 0.11612178663446056 0.32101147733333324 1
46 7 0.24833658333333333 0.5817509026666667 0.09304446457326893 0.1619341093333333 1
46 8 0.3170270619967794 0.552854296 0.05481561352657005 0.11313799466666669 1
46 9 0.3564778164251208 0.5303385693333333 0.0325885636070854 0.08307446666666674 1
46 10 0.3788916384863124 0.5260222400000001 0.029511376811594214 0.05800358933333338 1
47 2 0.4751955587761675 0.5379337066666667 0.03497700805152976 0.11457202666666666 1
47 7 0.22838294041867954 0.5903786746666666 0.10419429468599034 0.17592895466666658 1
47 8 0.30739922665056363 0.5591607413333333 0.05845549838969405 0.11934669333333331 1
47 9 0.3523759838969404 0.532673484 0.03423534138486306 0.08620112266666669 1
47 10 0.3771544303542673 0.527369244 0.03010284782608691 0.0592584453333333 1
48 2 0.47464273188405803 0.5363332346666667 0.034534383252818046 0.11311685866666671 1
48 7 0.2050306380837359 0.6005609333333334 0.1179137801932367 0.19255379733333333 1
48 8 0.2981682467793881 0.564137828 0.0627041586151369 0.12661770933333338 1
48 9 0.347972847020934 0.5351836173333333 0.036029125603864676 0.0895710853333333 1
48 10 0.37534694766505633 0.5287714853333334 0.030724267310789033 0.060568687999999926 1
49 2 0.47456760466988734 0.5368544853333334 0.03412288888888887 0.11176961066666663 1
49 7 0.17731859943639292 0.6127613426666667 0.1351188365539453 0.2126220666666666 1
49 8 0.28785035104669887 0.5697260853333334 0.06762626892109502 0.13482813333333343 1
49 9 0.3432338695652174 0.5378894866666667 0.037989811594202894 0.09321381600000006 1
49 10 0.373464827294686 0.5302324413333334 0.031377881642512095 0.06193804000000003 1
50 2 0.47449424396135265 0.5373319386666666 0.03372108373590982 0.11051714133333335 1
50 7 0.14388021256038647 0.6276491666666666 0.15718961030595813 0.23731915999999997 1
50 8 0.2762400036231884 0.5760458746666667 0.0733822198067633 0.1441714506666667 1
50 9 0.3381190124798712 0.5408149426666666 0.0401409589371981 0.09716374666666672 1
50 10 0.37150333937198066 0.5317558826666666 0.03206616022544284 0.0633705653333333 1
51 2 0.4744225877616747 0.5377666573333333 0.03332862962962968 0.10935708000000005 1
51 7 0.10119345088566828 0.650630784 0.1880920885668277 0.27255415466666655 1
51 8 0.2630759146537842 0.5832514933333334 0.08018478260869566 0.15489787200000005 1
51 9 0.3322270108695652 0.5426981040000001 0.042591796296296225 0.10165899733333339 1
51 10 0.3694573433977456 0.5333459146666667 0.03279182206119163 0.06487070400000006 1
52 2 0.4749718776167472 0.534618284 0.032894737520128836 0.10774267466666665 1
52 7 0.08084859943639292 0.6793513200000001 0.16169719887278583 0.316785856 1
52 8 0.2480205785024155 0.5915440933333334 0.08832147745571664 0.16733669866666667 1
52 9 0.3257822596618357 0.5447675333333333 0.04533011191626407 0.10659063466666668 1
52 10 0.3670376940418679 0.5346864546666668 0.03371563768115943 0.06682916533333338 1
53 2 0.47550706038647345 0.5314592 0.032472003220611834 0.106353056 1
53 7 0.05968544404186796 0.6977310666666666 0.11937088808373592 0.33688157333333324 1
53 8 0.228517576489533 0.600582148 0.09999845571658611 0.18324373066666666 1
53 9 0.31870289170692434 0.547052268 0.048407165056360724 0.112025512 1
53 10 0.36447594202898553 0.53610794 0.034707286634460544 0.06890966666666665 1
54 2 0.47583522785829313 0.5312639346666667 0.032084489533011296 0.10508410933333329 1
54 7 0.03214524074074074 0.7050420053333333 0.06429048148148148 0.3298263253333332 1
54 8 0.20530129186795493 0.6114589133333332 0.11468460950080517 0.20247786933333323 1
54 9 0.3108899798711755 0.5495877026666667 0.05188673268921096 0.11804487200000002 1
54 10 0.3617591541867955 0.5376179426666666 0.03577423590982287 0.07112395466666666 1
55 2 0.476155657004831 0.531073288 0.03170611916264093 0.1038450826666667 1
55 8 0.1771821686795491 0.6248010906666667 0.13359385748792274 0.22620019199999986 1
55 9 0.3022228260869565 0.5524174319999999 0.05584906924315619 0.12474847466666661 1
55 10 0.3588727753623189 0.5392250066666666 0.036925053140096586 0.07348534133333329 1
56 2 0.4764845688405797 0.5358512440000001 0.0313374323671497 0.10297356000000002 1
56 8 0.14239251731078906 0.6415577013333333 0.15864710064412235 0.2561808586666666 1
56 9 0.2923419923510467 0.560534028 0.061029200483091794 0.13313530933333334 1
56 10 0.355800364331723 0.540938816 0.03816960789049917 0.07600894933333335 1
57 2 0.4768059223027375 0.5404015213333333 0.030977224637681156 0.10235765600000007 1
57 8 0.09817963969404186 0.66323864 0.193046269726248 0.2952572533333333 1
57 9 0.2812080841384863 0.5696977533333333 0.06701717471819646 0.14270505866666666 1
57 10 0.35194341706924315 0.5432800280000001 0.040224167471819616 0.079045272 1
58 2 0.4771199746376812 0.5448540773333335 0.030625205314009696 0.1017442666666667 1
58 8 0.07977062882447665 0.6873244733333332 0.1595412576489533 0.3445330533333334 1
58 9 0.2685654319645733 0.5801259906666667 0.07400975925925926 0.1537238213333333 1
58 10 0.34778935466988725 0.5458054666666666 0.042467160225442835 0.08233216533333332 1
59 2 0.4783403574879227 0.5402396053333334 0.03027515619967791 0.10014710399999999 1
59 8 0.057220619565217394 0.6875075413333334 0.11444123913043479 0.34631490666666664 1
59 9 0.252976057568438 0.583422404 0.08165352415458937 0.16585138933333332 1
59 10 0.34330236191626406 0.5485378106666667 0.04492499114331722 0.08590185066666678 1
60 2 0.47953322544283417 0.535724892 0.02993303059581326 0.09859476533333333 1
60 8 0.027247784219001613 0.6834235706666667 0.054495568438003225 0.3400278613333333 1
60 9 0.23477385547504026 0.5873513893333333 0.09101781078904991 0.1800669333333333 1
60 10 0.3384255672302737 0.545111812 0.04762937761674718 0.08897488266666664 1
61 2 0.48069949798711753 0.531306732 0.02959856119162646 0.09708548000000006 1
61 9 0.2132354122383253 0.5921107826666667 0.10270385185185188 0.19696446133333334 1
61 10 0.3331239347826087 0.5414008746666666 0.05061774396135266 0.09227326933333341 1
62 2 0.48184005394524954 0.52685324 0.029271494363929118 0.09587520533333332 1
62 9 0.18608934541062802 0.605208464 0.11916968921095006 0.2195502293333333 1
62 10 0.3277489935587762 0.542610268 0.05382701288244768 0.09645350133333336 1
63 2 0.48295573510466994 0.522431604 0.02895158776167478 0.09482208266666664 1
63 9 0.15258001610305957 0.6215743253333333 0.14080161352657006 0.2479516960000001 1
63 10 0.3218725084541063 0.5439435333333333 0.057397058776167464 0.10103124799999996 1
64 2 0.48424260507246375 0.5255082773333334 0.028630406602254466 0.09377786133333338 1
64 9 0.11013553180354267 0.6426112106666667 0.1702253003220612 0.2847348106666667 1
64 10 0.31393558574879227 0.5529768933333333 0.06213597020933981 0.10811716799999993 1
65 2 0.4855013059581321 0.5284891653333332 0.028316285024154564 0.09281326933333334 1
65 9 0.0802941231884058 0.6694871026666667 0.1605882463768116 0.33187616266666664 1
65 10 0.3050189657809984 0.5631336013333332 0.06759499919484707 0.11622901066666669 1
66 2 0.4867327536231884 0.5312714866666666 0.028008993558776063 0.09213751199999998 1
66 9 0.05801764130434783 0.6903661560000001 0.11603528260869567 0.3651398800000001 1
66 10 0.294928171900161 0.574638328 0.07394412318840582 0.12560053333333332 1
67 2 0.4874846759259259 0.520924356 0.027707047504025695 0.09075191199999999 1
67 9 0.028324364734299515 0.6945099373333333 0.05664872946859903 0.36210985333333334 1
67 10 0.2821445032206119 0.573091564 0.08250814975845411 0.13426378399999994 1
67 11 0.379178710547504 0.48407608 0.01972171739130435 0.053823871999999995 6
68 2 0.48822058051529793 0.5106113506666667 0.02741154911433169 0.08976883466666663 1
68 10 0.26731418317230277 0.571365704 0.09275713607085348 0.144226768 1
68 11 0.37884744685990335 0.4729849706666666 0.020213328502415473 0.05474195199999998 6
69 2 0.48893949516908214 0.5015038653333334 0.027116545893719812 0.08878963466666662 1
69 10 0.24989865257648952 0.5694317040000001 0.10521874959742347 0.15580931200000003 1
69 11 0.378504597020934 0.4614948213333333 0.020723308373590932 0.05569219733333336 6
70 2 0.4890626300322061 0.504961068 0.02683065619967795 0.08785886666666659 1
70 10 0.22658661513687597 0.5909664066666667 0.12009306119162638 0.1749825359999999 1
70 11 0.3778123035426731 0.4630979613333333 0.02134056521739125 0.0567268826666667 6
71 2 0.4889892966988728 0.515886396 0.026552168276972543 0.08696321333333334 1
71 10 0.1983290245571659 0.617142292 0.13920059178743963 0.1991831226666666 1
71 11 0.3765172129629629 0.478040504 0.02213647584541062 0.05785442133333335 6
72 2 0.4889174694041868 0.5264976066666667 0.026279402576489586 0.08626470133333336 1
72 10 0.16333651489533013 0.6496651680000001 0.16445977536231884 0.23057513066666668 1
72 11 0.3754759822866345 0.48584761466666665 0.02289092914653784 0.05899588 6
73 2 0.4884292910628019 0.5267622653333334 0.0260113840579711 0.08544916533333341 1
73 10 0.11726213969404187 0.669417536 0.20296114895330114 0.26670928533333327 1
73 11 0.3744784738325282 0.4871702413333333 0.02365837761674716 0.060157698666666704 6
74 2 0.4877575309983897 0.5223231586666667 0.02574838405797092 0.08433697333333345 1
74 10 0.09068947665056361 0.6993537400000001 0.18137895330112722 0.3183582479999999 1
74 11 0.37249252616747186 0.48270882933333337 0.024722570853462134 0.061358944000000026 6
75 2 0.48709923953301126 0.517854296 0.025490644927536277 0.08348479999999997 1
75 10 0.06650009943639291 0.713615796 0.13300019887278583 0.33623607200000005 1
75 11 0.37043182729468604 0.478063404 0.025845181159420305 0.06260928799999999 6
76 2 0.48626153059581323 0.5183072253333333 0.025238983896940403 0.08265946933333329 1
76 10 0.03395624033816425 0.7144140453333334 0.0679124806763285 0.3235124053333335 1
76 11 0.3684060917874396 0.4800560546666667 0.027764479871175474 0.06394083999999994 6
77 2 0.48544023148148147 0.5187512879999999 0.024992237520128913 0.08185029333333332 1
77 11 0.3662988780193237 0.48213479066666665 0.029777269726248 0.06532935200000001 6
78 2 0.48463486513687604 0.519186744 0.024750263285024166 0.08105679466666665 1
78 11 0.3640585966183575 0.480297864 0.031111082125603873 0.06716263999999994 6
79 2 0.4834118804347826 0.5182894533333333 0.02453716666666661 0.08035539200000008 1
79 11 0.36170017914653785 0.4783546013333333 0.0325459702093398 0.06910176800000006 6
80 2 0.48220983856682764 0.5174075333333333 0.02432770128824474 0.07966602666666672 1
80 11 0.35921384017713365 0.47629549466666665 0.034092601449275395 0.07115617866666674 6
81 2 0.4810034541062802 0.5086474973333334 0.024120752012882385 0.07897435466666664 1
81 11 0.35667656723027374 0.46992883466666663 0.03573420209339778 0.07331831999999994 6
82 2 0.4798174814814815 0.5000356866666666 0.023917285024154522 0.07829464266666664 1
82 11 0.35399339774557165 0.46315892933333336 0.03751017874396134 0.07561588000000002 6
83 2 0.47865140579710147 0.4915683733333333 0.02371721417069239 0.07762658133333333 1
83 11 0.3508658554750403 0.46169925466666667 0.03953352576489533 0.07809152799999997 6
84 2 0.4775560507246377 0.49322077733333336 0.023525000000000018 0.07699786400000003 1
84 11 0.34754664452495976 0.4601407066666667 0.041736206924315566 0.08073475733333335 6
85 2 0.47647835466988725 0.49484654399999994 0.023335868760064438 0.07637923733333335 1
85 11 0.344768020531401 0.4661913946666667 0.043873033011272156 0.08358467733333336 6
86 2 0.4754178937198068 0.49644631466666667 0.023149747181964553 0.0757704586666666 1
86 11 0.34180649114331724 0.47268115200000005 0.04620305636070854 0.08664324266666662 6
87 2 0.4755239625603864 0.5028677186666667 0.022965657809983997 0.07517618400000003 1
87 11 0.33864290096618355 0.479659572 0.04875118196457323 0.08993424266666666 6
88 2 0.4756283578904992 0.5091878373333334 0.022784472624798713 0.07459111466666668 1
88 11 0.3352552616747182 0.487184004 0.05154655716586154 0.09348520800000004 6
89 2 0.4756039311594203 0.5113720226666667 0.022665097423510527 0.07420292000000006 1
89 11 0.33184289855072463 0.48765173866666667 0.05518632045088567 0.09686041066666662 6
90 2 0.47557975805152986 0.5135334426666667 0.02254696698872788 0.07381872533333339 1
90 11 0.32819538244766505 0.48815455066666663 0.05913825764895331 0.10048805599999999 6
91 2 0.47555583615136876 0.5156724506666667 0.022430060386473494 0.07343847466666675 1
91 11 0.32428690217391304 0.4886965333333334 0.06344191867954918 0.10439756800000005 6
92 2 0.47553215982286634 0.5177893920000001 0.022314359903381653 0.07306210666666668 1
92 11 0.3200876473429952 0.4892824453333333 0.06814359259259256 0.10862312000000002 6
93 2 0.47550872665056365 0.5198066333333333 0.022199846215780916 0.07284550666666667 1
93 11 0.31562648953301126 0.4894790386666667 0.07298999516908211 0.11331261066666676 6
94 2 0.4758136590177134 0.5220340346666668 0.022086128019323636 0.0726654613333334 1
94 11 0.310797153784219 0.48969365866666664 0.07834279549114326 0.11842512533333338 6
95 2 0.47611548711755236 0.524239648 0.021973570048309243 0.0724854293333333 1
95 11 0.3055505801127214 0.48992890266666667 0.08428009259259256 0.12402060533333331 6
96 2 0.47657936392914657 0.5218120706666667 0.021861376811594224 0.07193834400000004 1
96 11 0.29982837037037036 0.49018789333333335 0.09089627214170692 0.1301708906666666 6
97 2 0.47703853582930755 0.519408304 0.02175032608695654 0.0713984800000001 1
97 11 0.29356040821256035 0.490474416 0.09830638808373587 0.13696278933333328 6
98 2 0.4774930736714976 0.517027996 0.021640400161030582 0.07086570933333342 1
98 11 0.2861607926731079 0.48932058 0.10723077375201287 0.14476842933333334 6
99 2 0.4780478945249597 0.515024132 0.021589057971014514 0.07068672799999998 1
99 11 0.27794338969404186 0.48802786266666665 0.11739068599033817 0.15351763466666668 6
100 2 0.4786000994363929 0.5130251546666666 0.021537962157809953 0.07051773866666666 1
100 11 0.26875892552334946 0.48656960000000005 0.12904238405797103 0.16339251733333332 6
101 2 0.4791497081320451 0.5110355773333334 0.02148711030595818 0.07034956533333331 1
101 11 0.25841838607085343 0.4849118373333333 0.14251542914653786 0.17462525333333329 6
102 2 0.4796967383252818 0.509055336 0.02143650241545897 0.07018220800000002 1
102 11 0.24574492954911437 0.48395232666666665 0.1591076433172303 0.18798359733333342 6
103 2 0.4802412077294686 0.5070843626666667 0.021386135265700434 0.07001565333333332 1
103 11 0.2311536968599034 0.48283613066666664 0.1788206610305958 0.203554752 6
104 2 0.4807813836553945 0.5045640893333333 0.02133594444444442 0.06984906399999996 1
104 11 0.21415004549114333 0.48152148933333333 0.20255253220611918 0.2219382053333333 6
104 12 0.5434871042673107 0.5028193173333333 0.011985756038647377 0.11652133333333325 2
105 2 0.48131904025764893 0.502055572 0.021285990338164196 0.06968328266666668 1
105 11 0.19404762801932368 0.479950352 0.231568499194847 0.24397148799999996 6
105 12 0.5483440249597423 0.5025182373333333 0.01307798711755237 0.12470336533333337 2
106 2 0.4818541940418679 0.4995587306666667 0.02123627375201287 0.06951830399999998 1
106 11 0.16986384581320452 0.478039596 0.26770631642512077 0.2708613573333334 6
106 12 0.5539155080515298 0.5021721893333333 0.014373222222222148 0.13412124266666658 2
107 2 0.4823868631239936 0.4970734826666667 0.021186792270531385 0.0693541173333333 1
107 11 0.14816333252818034 0.47943683066666665 0.2963266650563607 0.30313009333333335 6
107 12 0.5603719412238326 0.5017702906666667 0.015930658615136983 0.14507785066666673 2
108 2 0.4829170652173913 0.49459974799999995 0.02113754428341391 0.06919071733333326 1
108 11 0.14409372061191628 0.4803031133333333 0.28818744122383255 0.33713807200000007 6
108 12 0.567942635668277 0.501297832 0.017833968599033856 0.15798382933333333 2
109 2 0.4830918904991948 0.4950627573333334 0.021122043478260855 0.0691406026666666 1
109 11 0.13958972383252818 0.48287469066666666 0.27917944766505637 0.33476381866666666 6
109 12 0.575918423510467 0.50527082 0.01993671980676326 0.17316882933333333 2
110 2 0.4832664609500805 0.4955250893333333 0.021106566022544238 0.0690905573333333 1
110 11 0.1345778852657005 0.48539382133333336 0.269155770531401 0.33285452800000004 6
110 12 0.5855294239130435 0.5100895386666666 0.022607603059581316 0.19158284800000003 2
111 2 0.48344077616747183 0.495986748 0.02109111272141706 0.06904057866666657 1
111 11 0.12896719766505635 0.4878713573333333 0.2579343953301127 0.33138875733333334 6
111 12 0.5973372016908212 0.5160562013333333 0.02609337278582935 0.21437837599999993 2
112 2 0.48316892351046703 0.4981117013333333 0.021076347826086972 0.06899414933333337 1
112 11 0.12264352818035426 0.49031742266666667 0.24528705636070852 0.330349144 6
112 12 0.6121945072463768 0.5236364706666666 0.030798251207729388 0.24333042933333338 2
113 2 0.4828974533011272 0.5002336613333334 0.02106160064412238 0.0689477653333333 1
113 11 0.11546177777777777 0.4927415786666666 0.23092355555555555 0.3297220053333333 6
113 12 0.6308445636070853 0.5352408200000001 0.03657235104669887 0.2815070106666667 2
114 2 0.48273982568438 0.5053699626666667 0.02104710386473424 0.06890555199999998 1
114 11 0.10723460064412238 0.4951529586666667 0.21446920128824476 0.3294970266666667 6
114 12 0.6560402463768116 0.5511595586666667 0.04530084863123984 0.3338786266666667 2
114 13 0.39590459661835753 0.5053223213333333 0.021283827697262503 0.055339714666666595 1
114 14 0.37296636312399356 0.5015399333333334 0.02235182930756846 0.0627840693333333 8
115 2 0.4825824154589372 0.5104991693333334 0.021032626409017707 0.06886335200000004 1
115 11 0.09771585668276973 0.49756038933333335 0.19543171336553947 0.32966703999999997 6
115 12 0.6919928868760064 0.5743476519999999 0.05958436312399351 0.4101705626666666 2
115 13 0.39216207004830916 0.513265328 0.02307099838969401 0.05831652266666665 1
115 14 0.36948924557165863 0.507703956 0.022958951690821294 0.06544751733333332 8
116 2 0.4824252226247987 0.5156212933333333 0.02101816827697267 0.06882117333333337 1
116 11 0.08657552777777777 0.4989649973333333 0.17315105555555554 0.32722096 6
116 12 0.7476433446054751 0.6113262426666667 0.08745844766505628 0.5317278826666667 2
116 13 0.3880213164251208 0.517950352 0.025063829307568453 0.06166415466666664 1
116 14 0.36571529066022546 0.514409932 0.023634768115942006 0.06835170400000001 8
117 2 0.4822412487922706 0.5121451173333333 0.02100275684380032 0.06876669333333335 1
117 11 0.07336073429951691 0.500728844 0.14672146859903382 0.3293485093333334 6
117 12 0.8454367198067633 0.6495043653333333 0.14775951690821265 0.6956579359999999 2
117 13 0.38315825281803545 0.5181000306666668 0.026876095008051548 0.06514815733333335 1
117 14 0.3614341835748792 0.513174104 0.02543564412238325 0.0714767626666667 8
118 2 0.48205754589371985 0.5086740573333334 0.020987367149758518 0.06871231733333333 1
118 12 0.9502109951690821 0.627879036 0.09796770370370367 0.7389085946666667 2
118 13 0.377709481078905 0.5182761666666666 0.028952398550724623 0.06905009333333334 1
118 14 0.35675254710144927 0.5118185533333333 0.027425735104669946 0.07490313866666665 8
119 2 0.4822137234299517 0.5103661213333334 0.020991545088566876 0.06872782666666666 1
119 13 0.37156220611916263 0.5184855546666667 0.03135278904991945 0.07345011199999996 1
119 14 0.3516113623188406 0.5103250453333333 0.02963644605475041 0.07867664533333335 8
119 15 0.40779928140096616 0.49400923733333335 0.01760034380032205 0.059852463999999994 8
120 2 0.4823699649758454 0.5120588666666667 0.020995725442834123 0.06874333333333338 1
120 13 0.3651273578904992 0.5228747893333333 0.033677899355877616 0.0786955253333334 1
120 14 0.3456510450885668 0.5118527573333334 0.030856983896940415 0.08290108800000001 8
120 15 0.40572391988727863 0.4982656186666667 0.01844808776167467 0.06202904533333331 8
121 2 0.482526268115942 0.5137522946666666 0.02099990821256048 0.06875883466666666 1
121 13 0.3577745152979066 0.5279037546666667 0.03642438164251205 0.08474707199999998 1
121 14 0.3390417089371981 0.5135543146666667 0.03226123429951694 0.08760332266666665 8
121 15 0.4039035632045088 0.49597516799999997 0.01939195410628014 0.06455039466666673 8
122 2 0.48275213768115943 0.5076973106666667 0.021003123993558803 0.06876313333333339 1
122 13 0.348900711352657 0.5269653839999999 0.03975312157809985 0.09111182400000006 1
122 14 0.3322015736714976 0.51149496 0.035242145732689245 0.09282910933333344 8
122 15 0.40193322946859905 0.493490272 0.02042510144927534 0.06728567466666668 8
123 2 0.48297807769726253 0.5016404386666666 0.021006342190016125 0.06876746933333333 1
123 13 0.33790035789049916 0.5265005346666667 0.045435092592592596 0.09977730400000007 1
123 14 0.32452124355877615 0.5091721666666666 0.03865410869565222 0.09872142666666667 8
123 15 0.3997935563607085 0.4907850773333333 0.021560573268921135 0.07026331199999997 8
124 2 0.483369039452496 0.5018232826666666 0.02101012721417067 0.06878033599999994 1
124 13 0.3246849295491143 0.5259342106666667 0.05249853703703705 0.11027098133333335 1
124 14 0.3158354690016103 0.5065320186666666 0.04259576086956529 0.10541652266666668 8
124 15 0.39746168800322057 0.487828928 0.02281404267310788 0.07351701866666666 8
125 2 0.48376014613526563 0.5020061946666666 0.021013915458937216 0.06879320533333327 1
125 13 0.30884627938808373 0.5366590333333333 0.059840074074074046 0.12253353333333328 1
125 14 0.3048025511272142 0.5110707826666667 0.04659569001610303 0.11266802400000009 8
125 15 0.3946473542673108 0.4893276906666667 0.024212328502415448 0.07703807999999995 8
126 2 0.48415139734299517 0.5021891746666667 0.021017707729468538 0.06880607733333338 1
126 13 0.2892742520128824 0.5500636946666666 0.06946591626409016 0.13786836533333335 1
126 14 0.29221305394524955 0.5162795813333333 0.05132867793880841 0.12099052800000004 8
126 15 0.39156018961352657 0.490977204 0.025771301932367097 0.08091323466666661 8
127 2 0.48454279428341385 0.5023722226666667 0.021021503220611915 0.06881895733333337 1
127 13 0.26328174919484704 0.5597251893333334 0.08296751127214166 0.15803072533333334 1
127 14 0.27771131803542676 0.5223186093333333 0.057002533011272144 0.13064022666666658 8
127 15 0.3881583941223833 0.4928014106666667 0.02751951288244764 0.08519872533333334 8
128 2 0.4849343361513687 0.5025553373333334 0.021025303542673124 0.06883183733333331 1
128 13 0.22901581360708534 0.5726971013333333 0.10233433735909825 0.1850997013333333 1
128 14 0.259930807568438 0.5265612826666667 0.0650450789049919 0.14356803733333345 8
128 15 0.38439114694041865 0.49482961866666664 0.02949253542673108 0.08996336533333338 8
129 2 0.4853676292270531 0.5012283613333334 0.021036823671497507 0.06886847733333329 1
129 13 0.18069565660225442 0.594326444 0.13237216988727857 0.22393493599999992 1
129 14 0.23845070933977458 0.5317350733333334 0.07525148792270533 0.15933469066666667 8
129 15 0.38019602415458936 0.497098072 0.03173522383252825 0.09529227733333334 8
130 2 0.48580140217391304 0.49989991600000006 0.02104835829307572 0.06890515999999997 1
130 13 0.10921940942028985 0.6270256013333333 0.18284149838969405 0.2839505946666666 1
130 14 0.2122057648953301 0.5391610573333333 0.08815221256038644 0.17833073866666677 8
130 15 0.37471458655394524 0.4982238173333334 0.034206198872785865 0.101311496 8
131 2 0.48623565499194843 0.4985699986666667 0.02105990901771343 0.068941896 1
131 13 0.06768672624798712 0.6679898853333333 0.13537345249597424 0.3592774773333333 1
131 14 0.17930506682769726 0.5485960293333334 0.10541357165861515 0.20246715733333331 8
131 15 0.36852927616747183 0.49950197333333335 0.03708184863123998 0.10814241066666663 8
132 2 0.48667038929146533 0.4972386106666667 0.021071474235104637 0.0689786773333333 1
132 14 0.13460261433172302 0.564598072 0.12970249275362322 0.23514631466666663 8
132 15 0.3614945414653784 0.500965736 0.04046440016103059 0.11596107733333333 8
133 2 0.4870573687600644 0.49711541866666664 0.021083241545893805 0.06901730133333328 1
133 14 0.07971372020933977 0.5890571133333333 0.15942744041867954 0.27768428000000006 8
133 15 0.3534215157004831 0.5026586973333333 0.044492124798711785 0.12499844533333332 8
134 2 0.48744478381642514 0.49699208800000005 0.02109502495974236 0.06905596800000008 1
134 14 0.053154512882447665 0.6127680413333334 0.10630902576489533 0.32365252000000005 8
134 15 0.3440604979871176 0.5046392639999999 0.049356200483091806 0.13556353599999993 8
135 2 0.48764775161030594 0.5043182159999999 0.021107860708534598 0.06910542400000008 1
135 14 0.015957455314009664 0.619100048 0.03191491062801933 0.3236968480000001 8
135 15 0.33253492793880834 0.5176540466666666 0.05735381239935583 0.14868526133333326 8
136 2 0.4878509673913044 0.5116532853333333 0.021120714170692445 0.0691549013333333 1
136 15 0.318112251610306 0.5240819240000001 0.06586360628019322 0.16463239200000002 8
136 16 0.3940478586956522 0.5187550906666667 0.020149380837359065 0.048584575999999935 1
137 2 0.48782817431562 0.5134882813333334 0.021133142512077263 0.06919724000000005 1
137 15 0.3004627495974235 0.5320547413333333 0.07688660708534617 0.18441056000000006 8
137 16 0.3907650958132045 0.5204859093333334 0.021456647342995183 0.0510118346666667 1
138 2 0.48780535426731086 0.515325432 0.0211455861513688 0.06923962133333333 1
138 15 0.27742586996779384 0.538375448 0.09184790740740739 0.209581648 8
138 16 0.3871539359903382 0.522393264 0.022918899355877598 0.05369349333333323 1
139 2 0.4874162934782609 0.5142185826666666 0.021177160225442915 0.06934270133333326 1
139 15 0.2476979388083736 0.5466987453333333 0.11271170692431565 0.24271048266666656 8
139 16 0.38251036594202903 0.523811412 0.024620355072463795 0.05661694666666667 1
140 2 0.4870260668276972 0.5131084186666667 0.02120883896940412 0.06944603733333343 1
140 15 0.20779888888888887 0.5581554933333334 0.1433724766505636 0.2882793066666667 8
140 16 0.3767760644122383 0.5245414053333334 0.026693917874396178 0.060003434666666744 1
141 2 0.48663466988727855 0.5119949253333334 0.02124062157809986 0.06954963200000003 1
141 15 0.1512566268115942 0.574925432 0.19176825684380033 0.35491469333333336 8
141 16 0.37031979307568436 0.5253723506666667 0.02909219001610308 0.0638212133333333 1
142 2 0.4862420966183575 0.5108780893333333 0.021272508856682804 0.06965349066666665 1
142 15 0.1010293538647343 0.5963180306666667 0.2020587077294686 0.45570752266666653 8
142 16 0.3633694464573269 0.528579892 0.03171410386473428 0.0683306746666667 1
143 2 0.48584834219001605 0.5097578946666667 0.021304502415458948 0.0697576133333333 1
143 15 0.06834885587761674 0.6001449426666666 0.1366977117552335 0.49199114933333327 8
143 16 0.3554155318035427 0.526213956 0.03480981561996782 0.07287338933333332 1
144 2 0.48579400322061195 0.5030234933333333 0.02133555233494372 0.06985263466666669 1
144 16 0.3462433945249597 0.5235094253333333 0.03851218518518518 0.078062984 1
145 2 0.48573950402576493 0.49626935866666666 0.021366689210950085 0.0699476346666667 1
145 16 0.33556352294685987 0.5266586400000001 0.04300707809983895 0.08483302933333331 1
146 2 0.4855308522544283 0.49651096266666667 0.021398929951690793 0.07005398399999996 1
146 16 0.32294783373590985 0.5304117546666667 0.04856236312399359 0.09288945599999998 1
147 2 0.4853215676328502 0.49675329733333334 0.021431270531401037 0.07016066399999998 1
147 16 0.3076437363123994 0.540031896 0.055500482286634456 0.10319305600000006 1
148 2 0.4851116481481481 0.4969963706666667 0.021463711755233483 0.07026767999999994 1
148 16 0.2890255245571659 0.5517875973333334 0.06444430032206122 0.11602344000000003 1
149 2 0.4850839541062802 0.5014717466666666 0.021486383252818042 0.07034728533333329 1
149 16 0.26587678663446057 0.5664831586666667 0.07632601127214172 0.1324232666666667 1
149 17 0.3673343486312399 0.5186895893333333 0.031084927536231877 0.06607853866666669 1
150 2 0.48505620088566825 0.5059565786666667 0.021509102254428425 0.07042706133333337 1
150 16 0.23629659299516909 0.5853876906666666 0.09271850161030595 0.15409029333333335 1
150 17 0.3603653466183575 0.5267893506666667 0.03381601046698868 0.07119608266666666 1
151 2 0.48457863727858297 0.5027500853333333 0.021531538647342974 0.07049583466666665 1
151 16 0.1971328119967794 0.6106304733333333 0.11646577214170695 0.18397871200000004 1
151 17 0.3520014685990338 0.5296855853333333 0.037072880837359046 0.07649094133333328 1
152 2 0.4840834102254429 0.49424735733333336 0.0215534098228663 0.07055625599999998 1
152 16 0.14180894323671497 0.6309801453333332 0.15350831320450886 0.223541624 1
152 17 0.34163438285024156 0.52195906 0.04104097826086961 0.081425688 1
153 2 0.48358718639291465 0.48572752399999997 0.02157532447665056 0.07061679199999998 1
153 16 0.08382681360708535 0.66097788 0.1676536272141707 0.28196549866666665 1
153 17 0.3313830692431562 0.5215410533333333 0.04564119806763289 0.0884835573333334 1
153 18 0.38084151207729466 0.49196749733333334 0.02170341223832528 0.0595965839999999 1
154 2 0.48346835909822866 0.4889381386666667 0.02159819484702097 0.07069536533333337 1
154 16 0.046301599436392914 0.670301144 0.09260319887278583 0.29829612800000005 1
154 17 0.3179415442834138 0.5314852786666666 0.05147832528180346 0.09711090933333344 1
154 18 0.37731247705314014 0.49778314933333334 0.023085337359098235 0.06256751466666666 1
155 2 0.48334928019323675 0.4921555493333333 0.02162111272141709 0.070774112 1
155 17 0.3022813353462158 0.5435112413333334 0.05837627294685993 0.10817584266666663 1
155 18 0.3734258981481482 0.5042057346666666 0.024633071658615113 0.06584936800000002 1
156 2 0.48386786996779385 0.4942448933333333 0.02164310708534628 0.07084941866666661 1
156 17 0.2832100004025765 0.5582071866666667 0.06728764331723028 0.1220253813333334 1
156 18 0.3691244537037037 0.5113354880000001 0.026377488727858278 0.06949364266666663 1
157 2 0.48450975805152974 0.5011597959999999 0.02166556763285027 0.07093234399999998 1
157 17 0.2594675293880837 0.5765793146666667 0.07915724235104676 0.1398353813333333 1
157 18 0.3643378554750403 0.519296004 0.028357448470209323 0.07356388533333336 1
157 20 0.45312610628019323 0.49618782266666667 0.01544011111111121 0.050192722666666634 1
158 2 0.4851529971819646 0.508089252 0.021688076489533026 0.07101544799999998 1
158 17 0.22907983373590982 0.6002161146666667 0.09558572222222222 0.16353640533333325 1
158 18 0.35897895330112717 0.5279592226666667 0.030622504025764885 0.07870390666666671 1
158 20 0.4530996501610306 0.5056384906666667 0.015814757648953293 0.051339066666666655 1
159 2 0.4853334549114332 0.5059816573333333 0.021696191626408956 0.07103966133333345 1
159 17 0.18738121658615137 0.6193332573333333 0.11925950080515299 0.19466814133333332 1
159 18 0.35222743639291465 0.5277553159999999 0.033306017713365554 0.0836322106666666 1
159 20 0.45304165780998396 0.5050869493333334 0.01620756843800325 0.05252702933333342 1
160 2 0.4855140491143317 0.5038724693333333 0.021704312399355774 0.07106389333333335 1
160 17 0.12867906682769728 0.6464298546666667 0.15933237198067635 0.23841935199999997 1
160 18 0.34455870330112726 0.5275409106666666 0.036442309983896914 0.08922057333333328 1
160 20 0.4529710805152979 0.5011693386666667 0.01661894363929145 0.05376761066666669 1
161 2 0.4856947797906602 0.501761688 0.021712440418679535 0.0710881493333334 1
161 17 0.07834248752012883 0.6822764853333334 0.15668497504025766 0.3006315466666668 1
161 18 0.33577166706924316 0.5271570413333333 0.04015086876006446 0.09593277066666672 1
161 20 0.452896842190016 0.4970616133333333 0.01704978743961355 0.055068416000000064 1
162 2 0.48583850805152984 0.5047781933333333 0.021721241545893666 0.07112081866666664 1
162 17 0.04037397342995169 0.692943172 0.08074794685990339 0.30803432266666664 1
162 18 0.325422846215781 0.5332186813333333 0.04461919323671493 0.10384530399999997 1
162 19 0.3827662648953301 0.5006194066666667 0.025962273752012877 0.06482259466666662 8
162 20 0.45280067552334946 0.5007172333333334 0.01750369726247991 0.056443026666666785 1
163 2 0.4859823542673108 0.50779716 0.021730049919484684 0.07115351466666664 1
163 18 0.3133035684380032 0.5402791613333333 0.05006293236714976 0.11335813600000011 1
163 19 0.37916963929146535 0.504232792 0.027441057971014482 0.06778585066666665 8
163 20 0.4526993425925926 0.5045596613333334 0.017980272946859943 0.057887856000000126 1
164 2 0.4858414943639292 0.5079984106666666 0.021738895330112695 0.071182464 1
164 18 0.29757245571658614 0.546907732 0.057473421900161026 0.12491122933333337 1
164 19 0.3752403196457327 0.5081920453333333 0.02908426570048306 0.07103283199999993 8
164 20 0.4522248244766506 0.5049534546666667 0.01851120128824474 0.05940497866666672 1
165 2 0.4857005209339774 0.5081998240000001 0.021747748792270538 0.07121143466666668 1
165 18 0.2785126465378422 0.5550053013333334 0.0669111610305958 0.13907460799999993 1
165 19 0.37067111916264084 0.5082845466666667 0.030943409017713364 0.07460109333333337 8
165 20 0.45172521940418675 0.505368444 0.01907158534621578 0.061003773333333344 1
166 2 0.4855594335748792 0.5084014 0.021756607890499158 0.07124042666666663 1
166 18 0.25493514170692433 0.5651218813333333 0.0792753252818035 0.15684370400000008 1
166 19 0.3656362971014493 0.5083868626666667 0.03303458615136873 0.07854689866666664 8
166 20 0.45119848228663445 0.5058063893333333 0.019663937198067694 0.06269101333333332 1
167 2 0.48554589492753625 0.5092171626666667 0.021765384057971016 0.07127008533333329 1
167 18 0.22500321215781 0.5781217226666666 0.09605576731078905 0.17979260800000002 1
167 19 0.36006067914653783 0.5085006466666666 0.03540232286634459 0.08293350666666666 8
167 20 0.4504298317230274 0.5058025093333334 0.020309906602254346 0.06447401599999997 1
168 2 0.48525717552334946 0.5025559586666667 0.021773618357487867 0.07128845066666667 1
168 18 0.1851861465378422 0.5900541733333333 0.11926058454106284 0.20926900266666676 1
168 19 0.3536513957326892 0.504691808 0.0376292954911433 0.08796950400000003 8
168 20 0.44959978180354265 0.4996151773333333 0.020996845410628018 0.06635432799999996 1
169 2 0.4846473969404187 0.49296577733333335 0.021773545893719826 0.07127558666666661 1
169 18 0.13063362117552335 0.6069314880000001 0.15442596054750404 0.25037459733333345 1
169 19 0.3464506835748792 0.5003922160000001 0.04022030112721414 0.09365153066666665 8
169 20 0.44872103059581314 0.4930549706666667 0.021727740740740742 0.0683480053333334 1
170 2 0.4840586505636071 0.49004069866666666 0.021774252818035467 0.07127343466666664 1
170 18 0.07836688486312399 0.6303137040000001 0.15673376972624797 0.31211138133333344 1
170 19 0.3372212073268921 0.499745796 0.043402664251207757 0.1001314373333333 8
170 20 0.44761368921095 0.49099505466666665 0.02252443156199674 0.07047153333333334 1
171 2 0.4834168727858293 0.495246464 0.021776008051529794 0.07128453866666662 1
171 18 0.04217132447665056 0.648989264 0.08434264895330112 0.3374063093333333 1
171 19 0.32768307286634457 0.5085241493333332 0.04668795410628018 0.1074428426666666 8
171 20 0.4464640595813204 0.49829228000000003 0.023374987117552315 0.07274250666666676 1
171 21 0.38818054750402575 0.49746378133333335 0.019405818035426736 0.0481758613333334 1
172 2 0.4827750088566828 0.5004529293333333 0.02177776328502412 0.07129563466666661 1
172 19 0.3167298184380032 0.5186804653333333 0.050656216586151326 0.11591645066666662 8
172 20 0.4452404122383253 0.5060742826666667 0.02428664251207735 0.07516427200000003 1
172 21 0.3843294718196457 0.5051076026666667 0.0207696618357488 0.050260784 1
173 2 0.482133058373591 0.5056600906666666 0.02177951771336556 0.07130672533333338 1
173 19 0.3037173095813204 0.5245251559999999 0.05697297020933978 0.12578565600000002 8
173 20 0.44401168276972625 0.5122246053333334 0.02521635909822867 0.07774186133333322 1
173 21 0.3801434351851852 0.5132706373333333 0.022274673913043497 0.05286382399999989 1
174 2 0.4815155120772947 0.5053079586666667 0.0217805668276973 0.07130879200000001 1
174 19 0.28842565942028986 0.5314563293333333 0.0647388904991949 0.13748983199999992 8
174 20 0.44268202214170693 0.5128103773333333 0.026218567632850187 0.08049494133333329 1
174 21 0.37597977536231886 0.5156910826666667 0.023909215780998416 0.05544391466666665 1
175 2 0.4808842041062802 0.5005804333333332 0.021781103864734364 0.07130385866666666 1
175 19 0.2696063305152979 0.5375747066666667 0.07451750805152979 0.15175860800000007 8
175 20 0.4410076376811594 0.5122541213333334 0.027329030595813153 0.08344901599999999 1
175 21 0.3707480680354267 0.513379312 0.025785588566827722 0.05787112533333327 1
176 2 0.4802528816425121 0.4958527973333333 0.021781639291465427 0.0712989386666667 1
176 19 0.2467234726247987 0.5451105253333334 0.08714086956521738 0.16933133866666666 8
176 20 0.43921036352657 0.511655508 0.028533512882447654 0.08662820533333337 1
176 21 0.3649933921095008 0.510773652 0.02789026892109503 0.06065870666666667 1
177 2 0.47953539613526575 0.4971072493333333 0.02178300644122394 0.07130386933333338 1
177 19 0.218285577294686 0.55462088 0.1039324396135266 0.19150583466666665 8
177 20 0.43727611030595814 0.5110095053333333 0.029844215780998384 0.09005925599999998 1
177 21 0.35855873671497585 0.5149047906666667 0.02998217552334942 0.06413678133333339 1
178 2 0.47881784178743964 0.49836181999999996 0.021784372785829342 0.07130879733333323 1
178 19 0.18195877093397747 0.566998812 0.12712392673107892 0.22036202933333338 8
178 20 0.43531385789049926 0.5158140053333333 0.03126054991948474 0.09378094400000003 1
178 21 0.35138859098228664 0.5194371013333333 0.03238227053140097 0.06820916800000004 1
179 2 0.47833442230273754 0.5032643866666666 0.021788020128824415 0.07132594133333331 1
179 19 0.13386386111111112 0.5837715146666667 0.16074686070853464 0.25945569066666657 8
179 20 0.43318928301127213 0.5210322973333333 0.03281207971014494 0.097823416 1
179 21 0.3435754355877617 0.5293218706666667 0.035132436392914634 0.07331747466666672 1
180 2 0.47785085024154583 0.5081684973333334 0.021791668276972598 0.07134308533333328 1
180 19 0.08626116948470208 0.6128851106666666 0.17252233896940417 0.31411575733333325 8
180 20 0.43088129468599035 0.5267202440000001 0.034518681159420306 0.10223000799999993 1
180 21 0.3347550740740741 0.5404867853333333 0.03834309178743961 0.07921737333333334 1
181 2 0.47757541425120775 0.5192251026666668 0.021795805958132075 0.07152785866666667 1
181 19 0.05778782447665057 0.6358667666666666 0.11557564895330114 0.3487895386666666 8
181 20 0.42801942351046696 0.5434597946666666 0.03645570209339771 0.10831072533333341 1
181 21 0.32471865056360705 0.5531985773333333 0.042132592592592555 0.08610173600000004 1
182 2 0.4777806775362319 0.5228627413333333 0.021798443639291454 0.07182357333333339 1
182 19 0.01659588929146538 0.6428246026666666 0.03319177858293076 0.344760368 8
182 20 0.4256350982286634 0.5482786813333334 0.0384959355877616 0.11398822666666658 1
182 21 0.3135756264090177 0.5596177413333333 0.046806085346215776 0.09340917866666665 1
183 2 0.4779859923510467 0.52650126 0.021801084541062776 0.07211942133333332 1
183 20 0.42342739371980676 0.5540447693333332 0.04064358454106276 0.12040670133333331 1
183 21 0.30058027818035427 0.5671299320000001 0.05249270128824479 0.10205785333333328 1
184 2 0.478267306763285 0.5198948093333333 0.02180234138486309 0.07160231733333328 1
184 20 0.4209589327697263 0.5511911866666667 0.04305024557165865 0.12604608000000006 1
184 21 0.28520946658615143 0.567858516 0.0595368768115942 0.11122483466666666 1
184 23 0.5273186429146537 0.5163993986666667 0.02756082850241548 0.10174130933333331 2
185 2 0.47854865700483096 0.513135604 0.0218035990338164 0.07138898933333332 1
185 20 0.41830219041867955 0.5477210946666666 0.045976445249597375 0.13217937866666668 1
185 21 0.26676810587761673 0.5688032199999999 0.06845003623188406 0.1222131706666667 1
185 22 0.3232435720611916 0.5275656586666666 0.033519309983896906 0.07136793600000002 1
185 23 0.529697824879227 0.5109216186666666 0.028786303542673086 0.10619388266666657 2
186 2 0.4788300430756844 0.5062707559999999 0.021804857487922713 0.07138522400000002 1
186 20 0.4153278232689211 0.5432083493333334 0.04929043880837358 0.14029762666666673 1
186 21 0.24422651690821257 0.5700614253333334 0.08002186795491142 0.13563022133333325 1
186 22 0.31454148832528184 0.526635564 0.03636184299516915 0.07557166666666676 1
186 23 0.5322926666666667 0.5049123666666666 0.030128734299517013 0.11110702133333333 2
187 2 0.4795573289049919 0.507705876 0.021806561191626384 0.07139353333333343 1
187 20 0.41203758615136876 0.5506353106666666 0.05229626731078907 0.14964268000000003 1
187 21 0.2159149311594203 0.5864425440000001 0.09539370289855076 0.15536635200000004 1
187 22 0.30488732487922704 0.5327719533333333 0.039652266505636025 0.08095450933333337 1
187 23 0.5357164851046698 0.5060692 0.031651630434782585 0.11661151999999997 2
188 2 0.4802847495974235 0.5091412613333334 0.02180826570048311 0.07140184000000005 1
188 20 0.40807885426731083 0.554516024 0.0566537230273752 0.1602035146666667 1
188 21 0.17946058937198067 0.6077118506666667 0.11686618679549116 0.18166510400000013 1
188 22 0.29390207648953304 0.539765224 0.043517146537842166 0.08715355200000002 1
188 23 0.5394886936392915 0.507346708 0.03334020209339783 0.12268984266666672 2
189 2 0.4812832351046699 0.5079217973333333 0.021813191626408934 0.07141788266666665 1
189 20 0.40354592753623186 0.5589860546666667 0.061725144927536224 0.17236843999999996 1
189 21 0.13069689331723028 0.6364668813333334 0.14846937761674717 0.21836486666666655 1
189 22 0.28092930112721415 0.5443753626666666 0.048149590982286605 0.09401211200000009 1
189 23 0.5436653341384863 0.5087648133333333 0.03522291948470213 0.12943665599999998 2
190 2 0.4822822109500805 0.506701736 0.021818120772946814 0.07143393599999998 1
190 20 0.39830297262479875 0.5641906746666667 0.06769755072463773 0.1865329653333333 1
190 21 0.07965974396135266 0.6638988573333333 0.1593194879227053 0.268428184 1
190 22 0.26588013969404184 0.5497462653333334 0.05374076247987111 0.10203845066666661 1
190 23 0.5475872979066023 0.5073574653333334 0.03728932045088562 0.1368733359999999 2
190 26 0.3589098949275362 0.5312655466666667 0.006977992753623208 0.11984728533333328 4
191 2 0.482914556763285 0.5023202453333333 0.021823131239935567 0.07144594133333343 1
191 20 0.3921672520128825 0.570327176 0.07482824476650568 0.20323427200000005 1
191 21 0.050622815619967794 0.6748484893333333 0.10124563123993559 0.28798367199999997 1
191 22 0.24677250885668278 0.5489797973333334 0.0603394170692432 0.11111577066666661 1
191 23 0.5519744750402577 0.5057786973333334 0.03961727697262485 0.14521662666666663 2
191 26 0.3524797757648953 0.5307964386666666 0.0077590974235104415 0.12666716533333322 4
192 2 0.4835472085346215 0.4979366373333333 0.02182814492753621 0.07145795733333327 1
192 20 0.3843288494363929 0.5813968906666667 0.08356703059581316 0.22301807999999995 1
192 22 0.22350255032206118 0.5560296013333332 0.06881440982286635 0.12304279200000001 1
192 23 0.5569148925120773 0.503995156 0.0422595756843801 0.15464307466666666 2
192 26 0.34474255152979066 0.530270844 0.008051529790660261 0.13431023733333336 4
193 2 0.4841801666666667 0.49355090533333335 0.02183316103059585 0.0714699866666666 1
193 20 0.37489927777777776 0.594853656 0.09438081481481492 0.24706752000000004 1
193 22 0.19503569122383252 0.564733956 0.0799387238325282 0.13783723466666664 1
193 23 0.5621740736714975 0.5107941186666667 0.04524554347826093 0.1652944506666667 2
193 24 0.551271578099839 0.5169511453333333 0.013001628019323697 0.13925154399999995 4
193 26 0.3362724730273752 0.5296779066666667 0.008372955716586139 0.1429351146666667 4
194 2 0.48493896698872785 0.5006089213333333 0.02184553784219001 0.07151998133333332 1
194 20 0.36333076167471823 0.6115628839999999 0.10807711594202901 0.2769288773333333 1
194 22 0.15951579066022545 0.5854181026666667 0.09647539130434785 0.15816914399999993 1
194 23 0.5681855958132045 0.518598708 0.04869060225442823 0.17752161333333327 2
194 24 0.5552737560386474 0.5273635373333334 0.01207729468599028 0.14874192800000002 4
194 25 0.537963980273752 0.5219568733333333 0.012077293880837336 0.12856741066666666 4
194 26 0.32667650402576487 0.5391013853333333 0.008051529790660206 0.15263911733333324 4
195 2 0.4856986509661836 0.507675148 0.02185792995169089 0.07157002933333328 1
195 20 0.34878705072463767 0.632865812 0.12593102576489534 0.31499852 1
195 22 0.11377859098228664 0.6121925346666667 0.11948100483091786 0.18529913333333337 1
195 23 0.5751234311594202 0.5276498453333334 0.05270878502415455 0.19170218133333333 2
195 24 0.561804191626409 0.539295132 0.013550835748792345 0.15961177866666665 4
195 25 0.5434684967793881 0.5303796773333334 0.013025260869565236 0.13719511999999995 4
195 26 0.3163188466183575 0.5498963386666667 0.009357569243156172 0.16375625066666666 4
196 2 0.4868181771336554 0.5084303773333333 0.021869123993558726 0.07160910133333326 1
196 20 0.32992141344605475 0.6609586826666667 0.1500718510466989 0.3652001706666667 1
196 22 0.06495215297906602 0.6399509853333334 0.12990430595813204 0.22094058933333338 1
196 23 0.5832197109500805 0.5382720999999999 0.0574550466988728 0.20834490933333333 2
196 24 0.5690264782608696 0.5410828560000001 0.014224368760064388 0.17213193600000004 4
196 25 0.548967865942029 0.5400049866666667 0.013150831723027334 0.14706345600000004 4
196 26 0.3035843035426731 0.5623856613333333 0.00993022061191623 0.17661943466666657 4
196 38 0.5779458800322061 0.5218037733333334 0.04833246215781006 0.1772735146666667 2
197 2 0.48796773953301126 0.4983634453333333 0.021878981481481485 0.07163089066666667 1
197 20 0.3030158852657005 0.6977695626666667 0.18413505233494368 0.4342573066666668 1
197 22 0.03741400120772947 0.6395348080000001 0.07482800241545894 0.23678732800000002 1
197 23 0.5940601469404188 0.5387634213333334 0.06349578824476654 0.22923435733333342 2
197 24 0.5771936867954912 0.5390792413333333 0.015795645732689212 0.18677693066666662 4
197 25 0.5549494871175523 0.5399955893333334 0.01459709178743962 0.15809991466666667 4
197 26 0.29044264331723024 0.5610803839999999 0.012556410628019321 0.1917872 4
197 38 0.5861659267310788 0.521535884 0.052625590982286696 0.1918290800000001 2
198 2 0.4891183892914654 0.48828699200000003 0.02188885104669891 0.07165270933333329 1
198 20 0.2645931264090177 0.740002188 0.23602668115942027 0.5146622906666667 1
198 23 0.6072057230273752 0.5393658373333334 0.07096048631239937 0.25477943466666664 2
198 24 0.5860001368760064 0.5366932813333334 0.016371444444444494 0.20415660533333335 4
198 25 0.5609196807568437 0.5399898746666667 0.015029522544283469 0.17092761066666673 4
198 26 0.2736335507246377 0.55953052 0.014090177133655402 0.20980565866666662 4
198 38 0.5958123486312399 0.5212202466666667 0.05763558454106277 0.20898400799999994 2
199 2 0.49052372020933976 0.49368678666666665 0.021937103864734242 0.07170219733333338 1
199 20 0.20477590660225445 0.74125076 0.3231300322061192 0.5121651466666666 1
199 23 0.6234801928341385 0.5401218226666666 0.08041262399355875 0.28673173066666674 2
199 24 0.5975513377616748 0.5460137106666667 0.02015789774557175 0.2256966746666667 4
199 25 0.5695957834138485 0.5399750893333334 0.01705810144927533 0.18605161333333325 4
199 26 0.2537871231884058 0.5744870613333334 0.01767192753623187 0.231614928 4
199 38 0.6072917556360709 0.5208430866666667 0.06356727455716582 0.2295029573333333 2
200 2 0.4919287648953301 0.4990931733333333 0.021989531400966156 0.07175111466666662 1
200 20 0.17312030958132044 0.7428328373333333 0.3462406191626409 0.5090009919999999 1
200 23 0.6419823345410629 0.553249776 0.09229539049919488 0.3267999306666667 2
200 24 0.609880555958132 0.5575361600000001 0.02173913123993565 0.2523209973333334 4
200 25 0.5792210885668276 0.55498786 0.017713365539452464 0.20493754933333325 4
200 26 0.2273311549919485 0.5929117413333332 0.019323672302737543 0.2584834826666666 4
200 38 0.6197054549114331 0.5323449266666667 0.07087395974235111 0.25544406666666664 2
201 2 0.4933354625603865 0.5045061626666667 0.02204225845410629 0.0717994666666667 1
201 20 0.15868736795491142 0.745102984 0.31737473590982285 0.5044606986666667 1
201 23 0.6661047234299518 0.5706465533333334 0.10826545330112725 0.3798853733333333 2
201 24 0.6279903385668277 0.572145452 0.026792173107890505 0.2860706426666666 4
201 25 0.5931937495974235 0.5733546386666667 0.022639903381642457 0.22813482400000007 4
201 26 0.19618659863123994 0.6161690479999999 0.02735852898550728 0.2924027733333333 4
201 38 0.6351464959742351 0.5467784173333333 0.08000160064412243 0.2879944719999999 2
202 2 0.49465841747181966 0.5020268546666666 0.02208773993558777 0.07183663733333334 1
202 20 0.1360680958132045 0.7486348146666666 0.272136191626409 0.4973970373333333 1
202 23 0.6988752069243156 0.5947985226666667 0.1308163333333333 0.45356185599999993 2
202 24 0.6481010962157809 0.5912737693333334 0.028180353462157748 0.3302479546666667 4
202 25 0.6073092781803543 0.583471904 0.025496511272141698 0.2564644533333334 4
202 26 0.15067425120772948 0.6364107826666666 0.03193773429951691 0.33552111200000007 4
202 27 0.13611079025764894 0.627572684 0.13765690257648952 0.19085397066666654 1
202 28 0.34734595974235105 0.5321323986666667 0.03844483896940415 0.07207112799999998 1
202 38 0.6561933043478261 0.5574570013333333 0.09110810628019328 0.3275079759999999 2
203 2 0.49598282487922707 0.49954471866666667 0.022133483896940476 0.0718741306666667 1
203 23 0.7459830776972625 0.6305881666666666 0.1649285112721417 0.56269236 2
203 24 0.6787371960547504 0.6214977173333334 0.03745103945249595 0.38835354666666666 4
203 25 0.6255777045088566 0.5964776293333334 0.030344473429951724 0.29282788800000004 4
203 26 0.09279587399355876 0.6636556906666666 0.040683401771336544 0.393555552 4
203 27 0.0772847266505636 0.665287688 0.1545694533011272 0.2396082880000001 1
203 28 0.3364566195652174 0.5369581506666667 0.042086458132045146 0.07808421600000004 1
203 38 0.6835726473429952 0.571534632 0.10559957487922711 0.37957911466666666 2
204 2 0.4964414299516908 0.508608184 0.022120505636070875 0.07195196266666665 1
204 23 0.81948811352657 0.657970784 0.22196395813204517 0.6787250986666666 2
204 24 0.7143729074074074 0.664625268 0.04079441706924314 0.4712700453333332 4
204 25 0.6447503039452497 0.6252461586666667 0.03140096698872785 0.34186561866666665 4
204 27 0.0408748731884058 0.6945367853333333 0.0817497463768116 0.25955454133333333 1
204 28 0.3239249319645733 0.55022588 0.04652609098228666 0.0860756800000001 1
204 38 0.7184396807568438 0.6031582853333333 0.12751559661835743 0.45598356800000006 2
205 2 0.4969009082125604 0.517674484 0.022107571658615155 0.07205915466666674 1
205 23 0.8914722777777777 0.6322333653333333 0.21544513848631242 0.730199936 2
205 24 0.7710655161030596 0.7144473546666666 0.06735292914653779 0.5657719573333333 4
205 25 0.6797884863123993 0.6655351933333333 0.048284597423510434 0.41062890400000013 4
205 28 0.3083649170692432 0.56392148 0.053063888888888966 0.09554373333333332 1
205 38 0.7676068929146538 0.6478620906666667 0.1575325426731079 0.5624514506666667 2
206 2 0.49709185789049926 0.5251079866666667 0.02207346618357492 0.07271732266666664 1
206 23 0.96800894726248 0.604458796 0.06237179951690808 0.7857490746666667 2
206 24 0.8688368933172304 0.7166844746666666 0.09978665136876008 0.5612977173333333 4
206 25 0.7229515068438004 0.725998112 0.058507785024154546 0.5140144693333333 4
206 28 0.2896685406602254 0.5804029173333334 0.06131181239935585 0.10725962666666666 1
206 38 0.8492998023349436 0.6734076853333333 0.215807690016103 0.6478512959999999 2
207 2 0.4972331771336554 0.5185544519999999 0.022043706924315676 0.0722615066666667 1
207 25 0.7931346421095008 0.7303756093333333 0.07841316666666676 0.5339154479999999 4
207 28 0.2664804681964573 0.5839371546666667 0.07168696859903384 0.11988635200000008 1
207 29 0.2902147753623188 0.5507430493333333 0.04837464090177135 0.09849540000000001 1
207 38 0.911302214573269 0.6506720453333333 0.17578526489533008 0.6933225759999999 2
208 2 0.49734945652173906 0.5117809 0.02206444766505633 0.07222173600000009 1
208 25 0.9335962016908212 0.7261851413333333 0.12089842914653781 0.5422963839999999 4
208 28 0.23724760547504026 0.58851562 0.08573814975845415 0.13589975200000004 1
208 29 0.26992411030595814 0.5538379453333333 0.05540901449275362 0.10825778400000002 1
209 2 0.49714610547504023 0.5107249506666667 0.02208115942028982 0.0722801093333334 1
209 28 0.19866943719806762 0.6051115586666667 0.10603450724637684 0.15907044000000004 1
209 29 0.2452892504025765 0.557656748 0.06449871658615136 0.12017398666666662 1
209 30 0.3893321469404187 0.5169469879999999 0.02409130837359097 0.05054239199999999 1
210 2 0.49691559460547496 0.5096673306666667 0.022151525764895375 0.07233842666666673 1
210 28 0.14628375684380032 0.6279399973333333 0.13645996457326892 0.1916266986666667 1
210 29 0.21637898953301127 0.5657974946666666 0.07577031400966183 0.13470778400000005 1
210 30 0.38277657568438 0.5174971946666667 0.02566925281803545 0.05331878400000001 1
211 2 0.4966806566022544 0.5086080333333334 0.0222300780998389 0.07239667999999999 1
211 28 0.08244995974235104 0.65889758 0.1648999194847021 0.2371113680000001 1
211 29 0.18008971256038647 0.5761360266666666 0.09107755716586152 0.15323484799999998 1
211 30 0.37546538446054745 0.5181171653333333 0.02749014573268921 0.05641880533333338 1
212 2 0.4961391384863124 0.5079295960000001 0.022284726247987108 0.07245581600000006 1
212 28 0.04840262801932367 0.682779152 0.09680525603864734 0.2617607253333334 1
212 29 0.13315587439613527 0.5897029053333334 0.11276454750402577 0.1776593253333334 1
212 30 0.3672596763285024 0.5188209453333333 0.029610492753623208 0.059902663999999994 1
213 2 0.4955967834138486 0.5072500706666667 0.022339396135265588 0.07251494666666669 1
213 29 0.07132326610305957 0.6082558373333333 0.14264653220611914 0.21124578133333327 1
213 30 0.3579842141706925 0.519626588 0.032104822866344584 0.0638465093333333 1
214 2 0.4951346984702093 0.4977826693333333 0.022227875201288272 0.07255961066666672 1
214 29 0.039719962962962964 0.6201977386666666 0.07943992592592593 0.23336891733333343 1
214 30 0.3477103377616747 0.5148836333333333 0.03504330032206121 0.06779464266666668 1
215 2 0.4949377701288245 0.50185924 0.022185335748792334 0.07262163733333332 1
215 30 0.3361418293075684 0.5240172573333333 0.03902947665056361 0.07378769866666668 1
216 2 0.49500279951690823 0.5040701599999999 0.022204103059581315 0.0726806453333334 1
216 30 0.32269411795491143 0.534643628 0.04386436795491144 0.08091815199999997 1
217 2 0.4950679335748792 0.5062846666666667 0.02222281723027386 0.07273940266666667 1
217 30 0.30699357608695654 0.541435412 0.05059229227053147 0.08880750133333332 1
218 2 0.4951331731078905 0.5085027666666666 0.022241481481481473 0.07279790666666675 1
218 30 0.2882429947665056 0.5495763906666666 0.05897259661835752 0.098371192 1
219 2 0.4950459581320451 0.503971752 0.022252553945249665 0.07283135999999996 1
219 30 0.2656363542673108 0.5535548306666667 0.06784630595813204 0.10937072799999997 1
220 2 0.49495865660225447 0.4994362293333333 0.022263636876006576 0.07286489066666668 1
220 30 0.23755827214170694 0.558592836 0.07974685024154593 0.1231509893333333 1
220 39 0.6532858071658615 0.5124003853333333 0.014761137681159386 0.16083840800000004 4
221 2 0.49487126771336554 0.49489619333333335 0.02227473027375204 0.07289848799999993 1
221 30 0.2022271082930757 0.5771378053333334 0.09624545008051527 0.14321093866666668 1
221 39 0.6653818957326892 0.5127441159999999 0.017564134460547498 0.1728059013333333 4
222 2 0.4949129198872786 0.49716194933333335 0.022286665861513733 0.07293864000000005 1
222 30 0.1555274500805153 0.6018533066666667 0.12038843800322059 0.17087187733333342 1
222 39 0.6779430942028986 0.5131436266666667 0.019055286634460544 0.18669746666666664 4
223 2 0.4949792781803543 0.5071084826666666 0.022299551529790684 0.07298615466666675 1
223 30 0.09330909057971014 0.63346306 0.15746877858293076 0.20899727199999996 1
223 32 0.41973556561996783 0.5047817826666666 0.01666256924315629 0.04097444533333333 1
223 39 0.6948790978260869 0.529262976 0.021947997584541135 0.20305233066666661 4
224 2 0.49513369122383255 0.516374008 0.022312374396135315 0.07303293866666677 1
224 30 0.05615757648953301 0.6698557706666668 0.11231515297906602 0.24747621333333336 1
224 32 0.4165089255233494 0.5128556453333333 0.017550814009661797 0.04319026133333337 1
224 39 0.7130792037037037 0.5484748733333333 0.022812668276972703 0.22254788000000003 4
225 2 0.494893152979066 0.516365564 0.022324053140096722 0.07307108533333334 1
225 32 0.4128214066022544 0.5147092506666666 0.018545030595813194 0.045239210666666696 1
225 39 0.7371948514492754 0.5560726493333333 0.02740869645732691 0.24614256800000006 4
226 2 0.49465236312399363 0.516357112 0.022335742351046683 0.07310926933333334 1
226 31 0.372196615942029 0.5249408386666666 0.023220932367149782 0.050584471999999936 1
226 32 0.40865992190016104 0.5163814680000001 0.019724415458937217 0.047621293333333425 1
226 39 0.7640737181964574 0.568351184 0.02898550724637683 0.27534234133333324 4
227 2 0.4944113200483092 0.5163486506666667 0.02234744041867953 0.07314749866666664 1
227 31 0.3663857830112721 0.5289135386666667 0.024773290660225433 0.053326672000000075 1
227 32 0.4040543792270531 0.5182354226666667 0.021057560386473384 0.05026794399999995 1
227 39 0.8011086851851852 0.5839360813333333 0.037954175523349454 0.3124025626666666 4
228 2 0.4943563240740741 0.520627256 0.022359704508856715 0.07342100800000001 1
228 31 0.359981903784219 0.5332951239999999 0.026530134460547528 0.056379549333333334 1
228 32 0.39920305917874394 0.5242032573333333 0.022557419484702135 0.053494173333333284 1
228 39 0.8443114814814815 0.60437064 0.04186795330112725 0.36099089066666673 4
229 2 0.4942347512077295 0.5209343559999999 0.022371711755233448 0.07348354933333334 1
229 31 0.3528867214170692 0.5317257666666666 0.02853624798711757 0.05926507999999997 1
229 32 0.393612365942029 0.5271692266666667 0.024276256843800303 0.0568568106666667 1
229 39 0.9157945933977456 0.6323355933333333 0.0664327375201289 0.42747697866666673 4
230 2 0.4939260865539452 0.516828132 0.022383153784218957 0.07326431200000005 1
230 31 0.3449824299516908 0.5299858373333334 0.030840850241545925 0.0624617813333333 1
230 32 0.3871540913848631 0.5246359039999999 0.026275520933977448 0.06021427733333329 1
230 33 0.4170888220611916 0.5091289720000001 0.015527753623188423 0.04018748533333333 1
230 39 0.9822395088566828 0.672324968 0.03391067632850242 0.5191901920000002 4
231 2 0.4936171046698873 0.5125903359999999 0.022394603864734408 0.07329958933333336 1
231 31 0.3361219484702094 0.5280459173333333 0.03351141223832527 0.06602283199999998 1
231 32 0.37982806320450885 0.5217735506666666 0.028612137681159444 0.06399220000000011 1
231 33 0.41430436030595813 0.5072903506666666 0.016378588566827723 0.04185921866666659 1
232 2 0.49330780515297906 0.5083481813333334 0.022406062801932358 0.07333493866666668 1
232 31 0.3262017190016103 0.5309157213333333 0.03661235748792274 0.07049012533333338 1
232 32 0.371230537037037 0.5226672306666666 0.03148687439613529 0.06884413066666667 1
232 33 0.41126017512077295 0.505283448 0.0173243824476651 0.043675530666666684 1
233 2 0.4932754057971015 0.5064392173333333 0.022417855072463688 0.07337238666666662 1
233 31 0.31497893679549116 0.5311305133333333 0.04025554025764899 0.07524777866666665 1
233 32 0.36123295249597426 0.5237240346666666 0.03495776489533009 0.07449378133333323 1
233 33 0.4079181131239935 0.503031808 0.018381461352657003 0.04576038400000004 1
234 2 0.49324297222222224 0.5045282466666666 0.02242965942028996 0.07340989066666664 1
234 31 0.3021196819645733 0.5313960799999999 0.04461005958132047 0.08069641066666666 1
234 32 0.3502615124798712 0.5255831133333333 0.039138260064412234 0.08121838666666664 1
234 33 0.4042321509661836 0.5004859453333333 0.01957002495974236 0.048177666666666674 1
235 2 0.4932105048309179 0.502615264 0.022441475040257675 0.07344745066666669 1
235 31 0.2870106533816425 0.54108966 0.04998345330112719 0.08827448799999998 1
235 32 0.3363902532206119 0.5334575 0.04444131159420289 0.08987635999999993 1
235 33 0.40001940539452496 0.5051638093333334 0.020925466183574937 0.05087738400000008 1
236 2 0.4933646127214171 0.504979076 0.0224538599033815 0.07348887200000004 1
236 31 0.26926601409017714 0.5524983906666667 0.05663129388083735 0.09738397600000004 1
236 32 0.3195408123993559 0.5430604800000001 0.051236803542673126 0.10058159466666666 1
236 33 0.3953228349436393 0.510337688 0.02247211272141708 0.05401382933333326 1
237 2 0.49351889009661837 0.5073454866666667 0.022466260064412213 0.07353031733333332 1
237 31 0.24777086433172302 0.5611465013333333 0.06516193156199679 0.10792942933333327 1
237 32 0.2986337862318841 0.5550334906666666 0.06020439049919485 0.1141500213333333 1
237 33 0.39005387520128826 0.516064952 0.02425175684380032 0.05774225066666672 1
238 2 0.49367333695652177 0.509714496 0.02247867391304348 0.07357178666666664 1
238 31 0.22164937077294686 0.57171766 0.07623595893719809 0.12100729333333338 1
238 32 0.27199310708534624 0.5703815026666668 0.07248241545893722 0.131892856 1
238 33 0.3836897185990338 0.5181936106666667 0.026354185990338175 0.06164024533333323 1
239 2 0.49362267793880843 0.508069004 0.02252129790660229 0.07371033866666665 1
239 31 0.18921511272141706 0.5849369466666666 0.09105544766505638 0.13764293866666666 1
239 32 0.2358246038647343 0.5864007600000001 0.09007701771336551 0.1559392266666667 1
239 33 0.3764420092592593 0.5206279666666667 0.028826554750402578 0.06610240266666662 1
240 2 0.493571826489533 0.5064172626666666 0.02256408293075679 0.07384942666666666 1
240 31 0.14611144967793882 0.5995523173333333 0.11210736634460547 0.15819920533333331 1
240 32 0.18536807648953302 0.609101432 0.11753208856682773 0.1906184586666666 1
240 33 0.3681125656199678 0.5234389906666667 0.03177026972624797 0.07126069599999996 1
241 2 0.49352078140096617 0.5047592320000001 0.022607029790660094 0.07398905599999994 1
241 31 0.08766487077294687 0.6229357826666666 0.14488486070853465 0.1904717893333333 1
241 32 0.10989439734299518 0.643802872 0.16473072061191626 0.24488243200000015 1
241 33 0.35885683574879224 0.5254317239999999 0.03507508695652167 0.07670951733333331 1
242 2 0.4934695422705314 0.5030948786666667 0.022650139291465476 0.07412922933333338 1
242 31 0.051561032608695656 0.6490296986666666 0.10312206521739131 0.22302540799999993 1
242 32 0.05753453743961353 0.6886370879999999 0.11506907487922706 0.30539994133333337 1
242 33 0.3481129694041868 0.527766512 0.039073673107890505 0.08306201066666669 1
243 2 0.4935460700483092 0.5072739853333333 0.022694164251207682 0.07427506933333339 1
243 31 0.013573786231884056 0.6501175653333333 0.027147572463768112 0.21157291199999995 1
243 33 0.33454679307568436 0.5382218106666666 0.04442663285024151 0.09217683199999999 1
244 2 0.49362289573268925 0.511469352 0.022738361513687633 0.07442144 1
244 33 0.318115653784219 0.5509214706666666 0.051283571658615135 0.10349267466666662 1
245 2 0.49370497222222226 0.5069620946666666 0.022781651368760092 0.07456072266666663 1
245 33 0.2978901038647343 0.5595174733333333 0.060269888888888845 0.11671703733333327 1
246 2 0.49378736191626404 0.50243766 0.022825107085346186 0.07470056799999991 1
246 33 0.27226883091787435 0.5705146640000001 0.07252526731078907 0.1337957706666667 1
247 2 0.4940245370370371 0.5048796933333333 0.022869640901771293 0.07484701866666665 1
247 33 0.23889113325281802 0.5866465453333334 0.08996439210950077 0.15692436533333332 1
248 2 0.49426263687600647 0.507331252 0.022914351046698977 0.07499402399999999 1
248 33 0.19333019122383255 0.6089755693333334 0.11634196859903381 0.18959160266666675 1
249 2 0.49433789371980674 0.5078795786666667 0.02299061674718189 0.07524360000000002 1
249 33 0.12728197624798712 0.6419590813333333 0.15968390740740743 0.23912511199999986 1
250 2 0.49441365297906603 0.5084315613333333 0.023067392914653873 0.07549484000000001 1
250 33 0.07127169726247987 0.6929112333333333 0.14254339452495973 0.31712269066666665 1
251 2 0.49449820853462156 0.5115700106666666 0.023145011272141636 0.0757499786666666 1
252 2 0.49458333494363926 0.5147296386666667 0.023223152979066075 0.0760068186666667 1
253 2 0.49466903784219 0.5179106586666666 0.023301826086956523 0.076265376 1
254 2 0.494741729468599 0.5168789293333333 0.023380491143317195 0.07652205599999995 1
255 2 0.49481491344605477 0.5158402146666667 0.023459688405797097 0.07678047733333326 1
256 2 0.4948885950080515 0.5147944426666666 0.02353942512077295 0.07704066133333337 1
257 2 0.494946574879227 0.5086960533333333 0.023619051529790658 0.07729834666666663 1
258 2 0.49500494887278584 0.502556292 0.023699218196457372 0.07755782133333333 1
259 2 0.4946752057165861 0.4992587546666667 0.02378169162640903 0.07782660800000002 1
260 2 0.4943431570048309 0.49593815333333335 0.023864737520128854 0.07809729333333332 1
261 2 0.4941114573268921 0.5030472253333333 0.023949766505636072 0.07837869599999991 1
262 2 0.49387809943639294 0.5102071853333333 0.024035400161030618 0.07866206133333331 1
263 2 0.4934119951690821 0.510518852 0.024120636070853407 0.07894162933333337 1
264 2 0.4930726376811594 0.5077926106666667 0.024206135265700535 0.07922066133333333 1
265 2 0.4927308623188406 0.5050469399999999 0.024292238325281823 0.07950169866666668 1
266 2 0.49238664291465384 0.5022816333333333 0.02437895249597416 0.07978476533333334 1
267 2 0.49203995289855074 0.49949647733333336 0.024466284219001544 0.08006988266666665 1
268 2 0.49169076650563603 0.4966912600000001 0.02455423993558775 0.0803570746666667 1
269 2 0.49123746537842194 0.5075187786666666 0.02463273752012879 0.080618784 1
269 34 0.21075285064412239 0.5028985466666667 0.09973952415458937 0.07816017599999997 7
270 2 0.49078124919484706 0.51841594 0.02471173510466984 0.08088209333333335 1
270 34 0.20583499033816427 0.5089830466666667 0.1020148550724638 0.08024852000000005 7
271 2 0.4903016876006441 0.5229217946666667 0.02479036231884052 0.08125835200000003 1
271 34 0.20070098309178747 0.5153241066666666 0.10441985990338168 0.08244676266666667 7
272 2 0.48968334138486314 0.5214677773333334 0.024868586151368666 0.08139806133333344 1
272 34 0.19527335265700482 0.5219383346666666 0.10709095652173911 0.08476344266666669 7
273 2 0.4890610648148148 0.5199458546666667 0.024947298711755217 0.08165599200000007 1
273 34 0.18909297222222224 0.5143403933333333 0.10997697665056361 0.08598859999999997 7
274 2 0.4884348208534622 0.518414228 0.02502650483091784 0.08191558133333326 1
274 34 0.18262956843800324 0.5063995533333334 0.11301977455716589 0.08723680266666667 7
275 2 0.4878864738325282 0.5160255813333334 0.025106142512077212 0.08217617600000005 1
275 34 0.1749512198067633 0.5047723853333334 0.11638031400966187 0.0891430746666666 7
276 2 0.4873346127214171 0.5136216266666667 0.0251862818035426 0.08243846399999993 1
276 34 0.16689836473429953 0.503068184 0.11993000805152977 0.091135664 7
277 2 0.4867792037037037 0.5112022146666666 0.02526692914653783 0.08270245599999998 1
277 34 0.15844288405797102 0.5012813386666667 0.12368501610305957 0.0932205653333334 7
278 2 0.48622021215781 0.508767196 0.025348087761674687 0.08296817333333334 1
278 34 0.14955377012882448 0.4994056826666667 0.12766335507246376 0.09540432533333332 7
279 2 0.48615992270531405 0.5068168986666667 0.025363676328502394 0.08301832533333342 1
279 34 0.14019673953301126 0.49743442266666665 0.13188517954911433 0.09769412533333333 7
280 2 0.4860995579710145 0.5048641346666667 0.025379230273752107 0.08306875999999996 1
280 34 0.13125502214170692 0.49811110933333336 0.13619438566827696 0.100303584 7
281 2 0.4860391179549114 0.5029089013333333 0.025394747987117494 0.0831194773333333 1
281 34 0.12182897342995169 0.49882725466666666 0.14077754106280194 0.10305617866666661 7
282 2 0.4859786030595813 0.5009511933333334 0.025410231884058 0.08317047733333333 1
282 34 0.11187806803542673 0.49958639200000005 0.14566098631239935 0.10596403200000004 7
283 2 0.4859180128824477 0.49899100799999996 0.025425679549114344 0.08322175999999998 1
283 34 0.1013571195652174 0.5003924946666667 0.15087448228663447 0.10904069066666672 7
284 2 0.485759749194847 0.4986919026666667 0.025441168276972626 0.08327386400000003 1
284 34 0.09147790338164251 0.5042288853333333 0.15617998228663446 0.1125316053333334 7
285 2 0.48560128502415456 0.49839241200000006 0.02545661030595814 0.0833260666666667 1
285 34 0.08106156602254427 0.508293532 0.16194165861513687 0.11624825866666672 7
286 2 0.485714884863124 0.498884836 0.02547251207729473 0.08337902133333336 1
286 34 0.07654671014492755 0.5100863666666666 0.1530934202898551 0.11880087199999995 7
287 2 0.4858539412238325 0.49937789466666666 0.025539016103059586 0.0834319813333334 1
287 34 0.07182183977455717 0.5119575173333333 0.14364367954911433 0.12144867199999998 7
288 2 0.48600523832528175 0.502800008 0.025611579710144883 0.08348559466666666 1
288 34 0.06681905515297906 0.5139192746666666 0.13363811030595812 0.12421059200000001 7
289 2 0.48628253260869564 0.5001578706666667 0.025576785024154614 0.08342154933333334 1
289 34 0.06151309500805153 0.5159785373333333 0.12302619001610306 0.12709406666666667 7
290 2 0.48655941586151363 0.4975198146666666 0.025542081320450827 0.08335763999999996 1
290 34 0.05583101127214171 0.5142544226666667 0.11166202254428342 0.12979651466666658 7
291 2 0.48683588969404185 0.49488582799999997 0.025507468599033856 0.08329386399999994 1
291 34 0.04978358212560387 0.512418936 0.09956716425120773 0.1326900586666666 7
292 2 0.48711195410628016 0.4922559053333333 0.025472946859903367 0.08323022666666663 1
292 34 0.04333440257648953 0.510408396 0.08666880515297906 0.13589961866666672 7
293 2 0.48742390136876007 0.49388196 0.02543586392914643 0.08316757333333336 1
293 34 0.03661229388083736 0.5123814546666666 0.07322458776167472 0.13939655733333328 7
294 2 0.4877354021739131 0.49550558933333333 0.02539887842190014 0.0831049866666666 1
294 34 0.029415023349436395 0.5144592253333333 0.05883004669887279 0.1430826266666667 7
295 2 0.4880509138486312 0.49712679866666665 0.02537090177133655 0.08304247199999998 1
295 34 0.021690367149758454 0.51665044 0.04338073429951691 0.14697358933333338 7
295 35 0.23085818156199678 0.5360805546666667 0.011566071658615118 0.0943179093333334 4
296 2 0.488370614331723 0.49874559199999996 0.025352288244766485 0.0829800266666666 1
296 35 0.21781607930756844 0.5396471933333333 0.010198604669887312 0.09876440266666675 4
297 2 0.48868983816425127 0.5003619773333333 0.025333705314009747 0.08291765066666662 1
297 35 0.20527218478260872 0.5435928333333333 0.011528681964573267 0.10370739466666667 4
298 2 0.4890085877616748 0.5019759573333333 0.025315152979066058 0.082855344 1
298 35 0.19105158735909822 0.5479497373333333 0.012345678743961336 0.10917131466666663 4
299 2 0.4894274090177133 0.502546752 0.025255011272141636 0.08265681600000008 1
299 35 0.17526645772946858 0.552785688 0.013369369565217393 0.11524297600000005 4
299 36 0.21402855555555556 0.5431979093333332 0.03687965378421898 0.11848394666666662 2
300 2 0.48984423107890496 0.5031148226666666 0.02519515942028988 0.08245922933333338 1
300 35 0.15737493558776167 0.5581842373333333 0.013687600644122389 0.12202962133333334 4
300 36 0.1999656767310789 0.5492866466666666 0.03918013929146541 0.1248073626666667 2
301 2 0.49025906843800326 0.5036801893333334 0.025135595813204514 0.0822625706666667 1
301 35 0.13663560104669886 0.5660270626666666 0.014236918679549126 0.13008055200000002 4
301 36 0.1843713586956522 0.5560472186666666 0.04179897181964573 0.13184785599999999 2
302 2 0.49067193518518515 0.5042428720000001 0.02507631803542676 0.08206684266666675 1
302 35 0.11285474798711756 0.574942948 0.014224368760064401 0.13925220533333338 4
302 36 0.1669808727858293 0.5635799773333333 0.044804455716586145 0.13976929333333338 2
303 2 0.491082845410628 0.5048028893333333 0.02501732367149756 0.0818720346666666 1
303 35 0.08639507809983897 0.585167236 0.015827148148148146 0.14979167733333332 4
303 36 0.14746468921095007 0.5720430626666666 0.04828502093397745 0.1487113466666667 2
304 2 0.491372018921095 0.5084748946666666 0.024958786634460606 0.0816781253333333 1
304 35 0.054480909822866345 0.5998315106666667 0.01690821256038648 0.1616121680000001 4
304 36 0.125407365942029 0.5816224919999999 0.052356966988727854 0.15887985866666654 2
305 2 0.49165983615136877 0.5121296746666667 0.024900525764895376 0.08148507733333338 1
305 35 0.019864283413848632 0.6169264226666666 0.022393660225442834 0.17544270666666661 4
305 36 0.1002775382447665 0.5925549053333333 0.05717596376811593 0.17054503199999993 2
306 2 0.49157634460547506 0.5122395200000001 0.024841322061191662 0.081291648 1
306 36 0.07138442914653784 0.6051489613333334 0.06295459098228663 0.18406254666666666 2
307 2 0.4914932479871176 0.5123488453333334 0.02478239774557167 0.08109913066666663 1
307 36 0.04028331078904992 0.617166012 0.06974235265700483 0.1992540346666667 2
308 2 0.4914105430756843 0.5124576546666667 0.02472374959742346 0.08090751733333335 1
308 36 0.02143513727858293 0.6280300186666667 0.04287027455716586 0.2106802986666667 2
309 2 0.4912332375201288 0.5164691333333333 0.02469459581320449 0.08081135466666667 1
310 2 0.491056345410628 0.5204712586666667 0.024665507246376728 0.08071536000000001 1
311 2 0.49126561714975847 0.5190078546666668 0.02463657729468599 0.08062037066666672 1
312 2 0.4908508019323672 0.522482268 0.0246070660225442 0.08066112266666664 1
313 2 0.4904369585346216 0.5258669933333333 0.024577619162640896 0.08086481333333334 1
313 37 0.8946804883252819 0.48930340799999994 0.05074759500805148 0.061059184000000044 1
