0 0 0.3279614573268921 0.6395696586666667 0.19424311111111106 0.281199504 1
1 0 0.2828041207729468 0.6470670333333334 0.2114623526570048 0.3024392613333333 1
2 0 0.2291382576489533 0.666743064 0.23533856843800316 0.3330206986666667 1
3 0 0.17065424476650562 0.681067892 0.265874037037037 0.3668375653333333 1
4 0 0.1265919263285024 0.7078517959999999 0.2531838526570048 0.40733727200000003 1
4 1 0.9892825253623189 0.5350667306666667 0.019824643317230217 0.11629406933333336 1
5 0 0.09858677616747183 0.728376548 0.19717355233494366 0.4149187706666666 1
5 1 0.9745052004830919 0.5328904999999999 0.04937929307568434 0.11602917600000001 1
6 0 0.06532186674718196 0.719309268 0.13064373349436392 0.40965971999999995 1
6 1 0.959787887278583 0.530749272 0.07881391948470207 0.11581548800000008 1
7 0 0.025528287439613526 0.731218888 0.05105657487922705 0.40454899200000005 1
7 1 0.9456982230273752 0.528640216 0.10699324798711762 0.11565238933333338 1
8 1 0.9217513691626409 0.52838904 0.10953219404186798 0.1134622933333333 1
9 1 0.8964261449275361 0.527976284 0.10657266183574887 0.11076351733333334 1
10 1 0.8700696103059582 0.5246149746666666 0.10243513848631236 0.10773058933333346 1
11 1 0.84583313647343 0.5239743133333333 0.09881558534621582 0.10483955466666667 1
12 1 0.822831615942029 0.523368308 0.09526924798711744 0.10209630666666669 1
13 1 0.8020531936392915 0.5203833853333334 0.09184291384863119 0.09938810400000003 1
14 1 0.7822819500805153 0.5175472866666667 0.0885235507246378 0.09682063733333335 1
15 1 0.7636027073268921 0.515479944 0.08517363043478254 0.09430829333333335 1
16 1 0.7458296783413849 0.5135147013333333 0.08185762560386467 0.09192128 1
17 1 0.7288860744766505 0.5115433853333333 0.07844063365539455 0.08948151733333326 1
18 1 0.7127818917069244 0.509672056 0.07508755797101452 0.08716644800000001 1
19 1 0.6989909279388083 0.5079218426666667 0.07194855475040263 0.08502488533333336 1
20 1 0.6858338438003221 0.5062541133333334 0.06886669404186807 0.08298462133333329 1
21 1 0.673267844605475 0.5046632973333334 0.06584263929146539 0.0810386053333334 1
22 1 0.6612709057971015 0.5036056386666666 0.06308253623188409 0.07900793866666661 1
23 1 0.6498362753623188 0.502599828 0.060444547504025725 0.07707628 1
24 1 0.6389253293075685 0.5016421666666667 0.057920413848631225 0.07523655200000007 1
25 1 0.6294723953301127 0.5006790986666666 0.05550362318840585 0.07339182933333327 1
26 1 0.6204541493558777 0.49976227866666667 0.053192384057971 0.07163517599999997 1
27 1 0.6118412866344605 0.49888847199999997 0.05097961996779388 0.06996042666666663 1
28 1 0.604284384057971 0.4980411066666667 0.048160500805152995 0.06833479999999997 1
29 1 0.5970586433172302 0.4972321453333334 0.045382417069243064 0.06677921333333336 1
30 1 0.59049267431562 0.4964192293333333 0.0426275853462158 0.06521783466666664 1
31 1 0.5842151626409018 0.49564341333333334 0.03992553301127222 0.06372425600000009 1
32 1 0.5789964178743962 0.494690544 0.037850276972624775 0.06221477333333336 1
33 1 0.5740099999999999 0.4937818106666667 0.03585225925925928 0.0607745546666667 1
34 1 0.5692407556360708 0.4929142546666666 0.033927108695652186 0.059398919999999966 1
35 1 0.5646748236714976 0.492085176 0.03207082769726244 0.05808360000000001 1
35 2 0.996145882447665 0.7899780813333332 0.00609792914653795 0.414710504 1
36 1 0.5612179766505636 0.49128612800000004 0.03033881481481482 0.05681683733333337 1
36 2 0.9567796203703703 0.7784914466666666 0.08483045330112726 0.4376837733333333 1
37 1 0.5579033353462157 0.49052128399999995 0.028665894524959712 0.05560358666666659 1
37 2 0.9300105688405796 0.771461992 0.13836855636070866 0.4517426826666666 1
38 1 0.5547223256843801 0.4897885253333334 0.027049063607085366 0.05444051200000005 1
38 2 0.9061936231884058 0.7659754226666666 0.18600244766505636 0.4627158213333332 1
39 1 0.5518877173913044 0.4890481400000001 0.026063739130434804 0.05327028533333339 1
39 2 0.8852840837359098 0.761610228 0.22782152657004828 0.4714462106666666 1
40 1 0.5491686710950081 0.48833895066666666 0.025123477455716636 0.052149421333333335 1
40 2 0.8688724593397745 0.7582002946666666 0.2606447753623189 0.4782660773333334 1
41 1 0.5465582576489534 0.4876590306666667 0.024225259259259224 0.05107486666666672 1
41 2 0.855682384863124 0.755375284 0.28702492431562 0.4839160986666666 1
41 7 0.9926445197262479 0.6813111759999999 0.01310065458937204 0.3434885386666665 1
42 1 0.5444715161030595 0.48706169600000004 0.023029684380032278 0.04994101333333334 1
42 2 0.822343131642512 0.7530646480000001 0.2634173776167471 0.4885373706666666 1
42 7 0.9737514396135265 0.677935888 0.05088681481481483 0.346991936 1
43 1 0.5424728023349437 0.48649046 0.021882242351046743 0.048856285333333305 1
43 2 0.783503500805153 0.7194972533333333 0.22156425120772938 0.4291026773333333 1
43 7 0.9556181694847021 0.6748036493333334 0.0871533550724638 0.3502589253333333 1
44 1 0.5405566658615137 0.48594365333333334 0.020779972624798693 0.047817546666666655 1
44 2 0.751960889694042 0.6912567333333334 0.18957132528180354 0.37925427200000006 1
44 7 0.9400987930756843 0.6727620106666666 0.11819210789049917 0.3517393226666667 1
45 1 0.538718100241546 0.485419756 0.01972016666666654 0.04682192266666663 1
45 2 0.7263379492753623 0.6686468173333333 0.1648754283413849 0.3397045999999999 1
45 7 0.9266661449275362 0.6710196026666667 0.14505740418679547 0.35301683733333333 1
46 1 0.5369524943639292 0.48491736399999996 0.018700339774557206 0.04586678133333333 1
46 2 0.705090476247987 0.650130228 0.14531568518518523 0.30757442933333334 1
46 7 0.9134261888083737 0.6537284133333333 0.1715373164251207 0.32312208533333336 1
47 2 0.6874944883252818 0.635429924 0.12989740499194846 0.2807476293333333 1
47 7 0.9019173788244766 0.6371697373333334 0.19455493639291466 0.29407395466666664 1
48 2 0.6725018796296296 0.623030648 0.11727531642512079 0.2582089333333333 1
48 7 0.8716996968599033 0.6223167613333334 0.17568843075684393 0.2680341253333332 1
49 2 0.6579472137681159 0.6093745946666667 0.105671078099839 0.2366571466666667 1
49 7 0.84368451489533 0.609799212 0.1560705660225442 0.24621410400000004 1
50 2 0.6454266086956522 0.5977072373333334 0.09605592592592593 0.21839841066666665 1
50 7 0.8195046235909823 0.599105036 0.1398701425120774 0.22766819466666655 1
51 2 0.6345381171497584 0.5876222253333333 0.08797557085346208 0.20273513333333332 1
51 7 0.7974671090982287 0.5895937293333333 0.12624115861513685 0.2112624986666667 1
52 2 0.6249918333333333 0.5830263973333334 0.08079495169082129 0.18927091200000007 1
52 7 0.7781479939613527 0.5813212893333334 0.11478408293075681 0.19705409866666668 1
53 2 0.6152870724637681 0.5743263733333334 0.07422010789049915 0.17612013333333337 1
53 7 0.761069714573269 0.5740600013333333 0.10504222946859898 0.18463033866666673 1
53 8 0.9858488293075685 0.684238604 0.026692035426731042 0.34784328266666664 1
54 2 0.6067383285024155 0.566699568 0.06860192431561996 0.16466704533333326 1
54 7 0.7459165829307568 0.567535008 0.09706334138486306 0.17367050133333334 1
54 8 0.9659396859903382 0.6796208893333333 0.06651032206119167 0.35192659999999987 1
55 2 0.5992649931561997 0.5597723613333333 0.06366330032206113 0.1543118266666667 1
55 3 0.9718467230273753 0.8144598333333333 0.054696247987117474 0.36574699999999993 1
55 7 0.7323511388888889 0.5616787826666667 0.09018097826086957 0.16403550666666666 1
55 8 0.9489369911433172 0.6756002226666666 0.10051571175523344 0.35445788533333344 1
56 2 0.5926081662640902 0.5535794866666667 0.05937484782608693 0.145268456 1
56 3 0.9362516445249598 0.7997422173333333 0.12588640499194848 0.395182232 1
56 7 0.7182162330917874 0.5563666733333333 0.08382791867954908 0.15531062666666662 1
56 8 0.9337755595813204 0.671990964 0.13083857487922712 0.3547318053333333 1
57 2 0.5863445076489533 0.5482996186666667 0.0552661392914654 0.1369877653333333 1
57 3 0.9091633607085347 0.788576296 0.18006297262479865 0.4175140746666667 1
57 7 0.7073962516103061 0.5512709946666667 0.07834720370370374 0.14695744533333344 1
57 8 0.9207618784219003 0.6728321386666667 0.15686593719806752 0.3564998613333333 1
58 2 0.5807251714975845 0.5435888186666668 0.05165753945249596 0.12960032000000005 1
58 3 0.888586826489533 0.7812489106666667 0.2212160410628019 0.43216884533333333 1
58 7 0.6961776497584541 0.546793772 0.0731148357487923 0.13949456799999993 1
58 8 0.9094226457326893 0.6678506693333333 0.17954440257648951 0.34661137599999997 1
59 2 0.5756552556360708 0.5393597893333333 0.04846507165861513 0.122968992 1
59 3 0.8724260322061191 0.7755581453333333 0.25353762962962967 0.4435503759999999 1
59 7 0.6859872801932367 0.5427491333333333 0.06850035265700494 0.13275278399999996 1
59 8 0.8981592757648953 0.645125308 0.20207114251207725 0.31167712266666664 1
60 2 0.5708606022544284 0.5353186453333333 0.0454714412238324 0.116637936 1
60 3 0.8572283325281804 0.7702752373333333 0.2839330289855072 0.454116192 1
60 7 0.6764359524959742 0.539006556 0.06431562318840589 0.1265154 1
60 8 0.8842177371175522 0.6261637986666666 0.21367771256038637 0.28294549599999996 1
61 2 0.5665161606280193 0.5316730213333333 0.04280645008051531 0.1109269653333333 1
61 3 0.8450442850241546 0.7660470146666667 0.3083011239935588 0.4625726373333333 1
61 7 0.6677001747181964 0.535599748 0.06058958615136878 0.12083763466666664 1
61 8 0.8530212101449275 0.614706788 0.19178128985507248 0.25981381600000003 1
62 2 0.5620526630434782 0.5286022613333333 0.04051113929146544 0.10542510933333332 1
62 3 0.8329312359098229 0.7625862893333333 0.3240175088566829 0.4694940879999999 1
62 7 0.6596793937198068 0.53248546 0.05725411111111112 0.11564740533333334 1
62 8 0.8261920104669888 0.6049688226666667 0.17403843478260872 0.24014421600000013 1
63 2 0.5579950249597423 0.5258216306666668 0.03846640579710148 0.10044294133333331 1
63 3 0.7878106598228664 0.7594878573333332 0.26854577536231883 0.475690952 1
63 7 0.6517738892914654 0.5292976386666667 0.05396357568437993 0.11038662133333338 1
63 8 0.8006554991948471 0.5957912826666667 0.1580702302737521 0.22186719466666677 1
64 2 0.5541087024959743 0.5228324026666666 0.036557471014492804 0.09574890666666674 1
64 3 0.7530611517713366 0.740867588 0.22813308776167474 0.4488238159999999 1
64 7 0.6445260511272142 0.5263870933333333 0.051019192431561944 0.1055834613333333 1
64 8 0.7804783957326893 0.585779332 0.14272589291465376 0.2057237573333333 1
65 2 0.5505569971819646 0.5201099786666666 0.03484465136876014 0.09147365333333335 1
65 3 0.7234963595008052 0.7085550133333334 0.19566470128824465 0.39357234666666674 1
65 7 0.6378568578904992 0.5237191560000001 0.048371248792270505 0.10118070133333334 1
65 8 0.7627444585346217 0.5768666466666666 0.12966003623188416 0.19214430666666665 1
66 2 0.5472983828502416 0.5176201653333333 0.03329989774557174 0.08756352533333334 1
66 3 0.6997350487117553 0.6829196120000001 0.17084209259259253 0.3502860133333333 1
66 7 0.6306938921095009 0.5211264 0.04577706441223828 0.09691593066666665 1
66 8 0.7442741433172302 0.5689242293333334 0.11721248631239944 0.17877321066666674 1
67 2 0.5441255881642513 0.5152998493333334 0.03178289130434775 0.08379586933333338 1
67 3 0.679199440821256 0.6611584173333334 0.14974827294685988 0.31396157066666674 1
67 7 0.6240867226247987 0.5187432653333333 0.04343913607085348 0.0929959973333333 1
67 8 0.728030074074074 0.562012952 0.10663442673107881 0.16714263466666668 1
68 2 0.5412060169082125 0.5131708733333333 0.030408151368760072 0.08033885066666668 1
68 3 0.6621269963768115 0.6432591426666667 0.1328839524959743 0.284398504 1
68 4 0.9979374468599034 0.7791177226666667 0.0025148003220611947 0.42386325866666663 1
68 7 0.6178079162640902 0.516085372 0.041552993558776175 0.08930777866666662 1
68 8 0.7136299834943639 0.5559442586666667 0.09754926328502411 0.15693350400000006 1
68 9 0.9935625732689211 0.45129500266666667 0.011264547504025724 0.9025900053333333 7
69 2 0.5385104665861513 0.5112105053333333 0.029156955716586164 0.077155576 1
69 3 0.6473366086956522 0.628145848 0.11895206280193238 0.25967676266666667 1
69 4 0.9572677024959743 0.7723482586666666 0.08385428904991943 0.44997014933333335 1
69 7 0.6124340201288245 0.5136068226666667 0.03987511755233497 0.08586480266666668 1
69 8 0.7002666533816426 0.5500368813333334 0.08977299758454105 0.14749675999999995 1
69 9 0.9630906199677939 0.450388772 0.07220845410628018 0.900777544 7
70 2 0.5358309388083736 0.5090570493333333 0.027959668276972494 0.07410562400000009 1
70 3 0.6344860056360708 0.614689928 0.1069804573268921 0.237853712 1
70 4 0.9258219078099839 0.7645474426666666 0.14674587842190023 0.4655717813333333 1
70 7 0.607444692431562 0.5113120546666666 0.03835221739130423 0.08267645599999995 1
70 8 0.6883236404991948 0.5447986373333333 0.08304221980676318 0.1391306453333333 1
70 9 0.9434731755233494 0.4495307413333333 0.11144334299516911 0.8990614826666666 7
71 2 0.5333490265700482 0.5070672426666667 0.026865518518518594 0.07128740266666667 1
71 3 0.6234449110305957 0.6032133946666667 0.09700120370370369 0.2193911786666667 1
71 4 0.9023653739935588 0.7591674733333333 0.19365894605475042 0.4763317199999999 1
71 7 0.6021299456521738 0.5090598106666666 0.036822024959742294 0.07952318933333336 1
71 8 0.6773607983091787 0.5397953493333333 0.07684888808373591 0.13113487466666668 1
71 9 0.9270318196457327 0.44869224 0.1443260547504026 0.89738448 7
72 2 0.5310686855877618 0.5052091426666666 0.025636472624798734 0.06859542666666657 1
72 3 0.6137243977455716 0.5935488773333334 0.08866302898550726 0.20312832533333341 1
72 4 0.8826988071658615 0.7554697666666667 0.2329920797101449 0.4837271333333333 1
72 7 0.5971920789049919 0.5069727933333333 0.03543215458937188 0.07660073333333334 1
72 8 0.667520711352657 0.5353351626666667 0.07144707165861508 0.1240082666666667 1
72 9 0.9130529975845412 0.4478729786666667 0.17228369887278572 0.8957459573333334 7
73 2 0.5289495652173912 0.5034861733333333 0.02450464412238318 0.06609947733333327 1
73 3 0.6044264271336554 0.584898456 0.08125799275362322 0.18866942400000003 1
73 4 0.8673176107085346 0.7525646693333333 0.2637544726247987 0.48953732799999994 1
73 7 0.5921924057971014 0.505121508 0.033575054750402566 0.07382622666666672 1
73 8 0.6578237576489533 0.5309541440000001 0.06626153784219002 0.11700860800000001 1
73 9 0.9010220092592593 0.447072684 0.19634567552334936 0.894145368 7
74 2 0.5269751340579709 0.5018841106666666 0.02345905394524961 0.06377888800000003 1
74 3 0.5962704186795491 0.577356208 0.07494104025764903 0.17612382933333337 1
74 4 0.8538281103059582 0.7500893826666666 0.2907334734299517 0.4944879013333333 1
74 7 0.5875298007246377 0.50339954 0.03186495571658621 0.07124595466666661 1
74 8 0.6490222834138486 0.5274888466666667 0.06204931078904985 0.11119623200000006 1
74 9 0.8896723711755234 0.44628941466666666 0.21904495169082117 0.8925788293333333 7
75 2 0.5250977451690821 0.500426268 0.022507744766505633 0.06167178400000001 1
75 3 0.5895341839774557 0.5703997693333334 0.06940270128824477 0.16465073333333335 1
75 4 0.8428764464573268 0.7480776533333333 0.31263680112721415 0.4985113599999999 1
75 7 0.5831712528180355 0.5017937973333333 0.03028537037037038 0.0688402133333334 1
75 8 0.6404214585346215 0.5241535133333333 0.05807958695652171 0.10562827466666669 1
75 9 0.8798079730273751 0.4455251866666667 0.2387737479871176 0.8910503733333334 7
76 2 0.5233372761674717 0.49906162266666665 0.021622513687600597 0.05969954399999994 1
76 3 0.5835655249597423 0.5642648573333333 0.06460136231884062 0.15457572533333325 1
76 4 0.832355228663446 0.7463126133333333 0.32915136070853457 0.50204144 1
76 7 0.5790879311594204 0.5002929013333333 0.02882215217391304 0.06659186666666661 1
76 8 0.6325995901771337 0.5211359906666666 0.05456385829307575 0.1005912026666666 1
76 9 0.8711551775362318 0.4447797666666667 0.25607933896940416 0.8895595333333334 7
77 2 0.5216831252012882 0.4977815173333333 0.020796773752012943 0.05784961599999994 1
77 3 0.5774675676328502 0.5579842786666667 0.06016381320450892 0.1452869146666667 1
77 4 0.7895880334138488 0.742473432 0.2749523373590982 0.5002567573333334 1
77 7 0.575254540257649 0.4988869106666667 0.027463095008051552 0.06448596000000001 1
77 8 0.625962018921095 0.518422868 0.05151748228663455 0.09605956533333343 1
77 9 0.8630949492753623 0.4441335866666667 0.27219979549114326 0.8882671733333334 7
78 2 0.5200865225442834 0.4965367613333333 0.020000579710145017 0.05604799199999999 1
78 3 0.5720079851046699 0.5523809506666667 0.05627393156199689 0.13704569866666666 1
78 4 0.7533865040257649 0.7066969413333333 0.23156260708534626 0.43406994666666676 1
78 8 0.6198700350241546 0.5159434586666667 0.04878243880837352 0.09191851733333328 1
78 9 0.8559505124798712 0.4296708813333333 0.28648866908212567 0.8593417626666666 7
79 2 0.518584041062802 0.49536716933333336 0.01925635748792265 0.05435527200000001 1
79 3 0.5670910986312399 0.5473506933333334 0.05283851449275356 0.12968495466666663 1
79 4 0.7248623498389695 0.6790023853333333 0.19912448389694037 0.38323651466666664 1
79 8 0.6142588285024155 0.5136688133333334 0.04631501288244777 0.08811964266666666 1
79 9 0.8495741815619968 0.4249646693333333 0.2992413309178744 0.7886555466666667 7
80 2 0.5171675917874397 0.49426613333333336 0.018559219001610394 0.05276186666666671 1
80 3 0.5623725865539453 0.5433217346666667 0.04969193639291458 0.1230094533333333 1
80 4 0.700833053542673 0.6564888866666666 0.17296275281803541 0.3412851226666666 1
80 8 0.6090734907407407 0.5115745706666667 0.0440791215780999 0.08462221866666675 1
80 9 0.8433197882447665 0.42780009066666663 0.31175011755233495 0.7117024266666666 7
81 2 0.5158299842995169 0.4932278 0.017904868760064363 0.05125928533333335 1
81 3 0.5580891630434782 0.539642848 0.04688606038647336 0.11705434666666664 1
81 4 0.6811440511272142 0.6383066653333334 0.15246170772946865 0.30757383200000005 1
81 8 0.6040259239130434 0.5095856866666666 0.04197738888888891 0.08130553333333335 1
81 9 0.8232857797906603 0.4303200706666666 0.2941419847020935 0.648203416 7
82 3 0.5541831018518518 0.536291212 0.04436958534621582 0.11166928800000003 1
82 4 0.6647016231884058 0.623312676 0.13601834299516902 0.2798980026666666 1
82 8 0.5993433031400967 0.507746704 0.04006306199677945 0.07823894933333331 1
82 9 0.7981949983896941 0.4325229933333333 0.2636091723027376 0.5951951066666668 7
83 3 0.5505290785024155 0.5331331266666667 0.04203819404186804 0.10661392800000002 1
83 4 0.6496766976650563 0.608257508 0.12139095732689209 0.2544131813333333 1
83 8 0.5949873438003221 0.5060412906666667 0.0383129774557166 0.07539520533333338 1
83 9 0.7766062254428341 0.434408912 0.2382658566827699 0.5502007466666667 7
84 3 0.5471790012077294 0.5302484573333333 0.0399322214170692 0.10199646666666673 1
84 4 0.636950638083736 0.59541134 0.10943912640901765 0.23360050933333332 1
84 8 0.5899262045088567 0.5041069746666667 0.03592553623188399 0.07239261066666675 1
84 9 0.7567733506441224 0.43613369599999996 0.2157191247987118 0.5092236586666665 7
85 3 0.5440963595008051 0.5276031720000001 0.03802110708534623 0.09776237066666671 1
85 4 0.6260282745571659 0.584505908 0.09951078421900161 0.2159355653333334 1
85 5 0.9645732274557166 0.7219550346666667 0.06924323913043484 0.5507565973333333 1
85 8 0.5852371960547504 0.5023207173333333 0.033738652979065975 0.069620336 1
85 9 0.7394780543478261 0.437629312 0.19671525362318842 0.47392681600000003 7
85 12 0.8335688035426732 0.5246214053333333 0.07813219806763283 0.09280652266666672 1
86 3 0.5412502801932367 0.5251686573333334 0.036279502415458964 0.09386579466666667 1
86 4 0.6159777125603865 0.5765708626666667 0.0907673011272141 0.20014598666666666 1
86 5 0.930488138083736 0.7201114893333334 0.1374134178743961 0.5544436879999999 1
86 8 0.5808806839774556 0.5006661586666666 0.031728282608695646 0.06705285599999988 1
86 9 0.724252425925926 0.4389385173333334 0.18051533494363936 0.4432056693333334 7
86 12 0.823000382447665 0.5227833399999999 0.0766469355877617 0.09158785866666663 1
87 3 0.538770864331723 0.522670228 0.03464991545893725 0.0901227653333333 1
87 4 0.6072162568438003 0.5697171693333334 0.08336283091787444 0.1865081893333334 1
87 5 0.9055718490338165 0.7181243079999999 0.18724599597423508 0.5584180506666666 1
87 8 0.5768224742351047 0.49912926 0.02987403703703706 0.06466827466666669 1
87 9 0.7094689150563607 0.440209336 0.16519106199677946 0.41347016533333325 7
87 12 0.8126870833333333 0.5209909746666667 0.07519601207729476 0.09040108533333341 1
88 3 0.5364751578099838 0.5203633066666666 0.03315731400966182 0.08666680533333337 1
88 4 0.598957095410628 0.563168256 0.07653339694041872 0.1736634666666667 1
88 5 0.885688252415459 0.71607762 0.22701318921095004 0.5625114266666666 1
88 8 0.5730329118357488 0.497697912 0.02815851771336564 0.06244771733333332 1
88 9 0.6964047612721417 0.4413258346666667 0.15206911352657015 0.38747354133333334 7
88 12 0.8026197781803543 0.519242632 0.07377821497584536 0.08924498133333336 1
89 3 0.5343434311594203 0.518226688 0.03178536473429938 0.08346611200000004 1
89 4 0.5917042918679549 0.5574632 0.07069073510466983 0.16247397333333335 1
89 5 0.8701465591787441 0.7140566306666667 0.25809657568437994 0.5665534053333333 1
89 9 0.6847712850241545 0.44231448400000006 0.14072642190016105 0.36455232266666676 7
89 12 0.7927897713365539 0.5175367146666667 0.07239238808373583 0.08811837866666672 1
90 3 0.5323586888083736 0.5162421866666667 0.030520205314009785 0.08049340799999993 1
90 4 0.5848587403381642 0.551107196 0.06541450161030593 0.15225282400000006 1
90 5 0.8561992169887278 0.712585756 0.2859912600644122 0.5694951546666667 1
90 9 0.6739067737520129 0.44319595866666667 0.13070795652173905 0.34427836 7
90 12 0.7831887693236715 0.5158717013333334 0.07103743075684377 0.08702016000000007 1
91 3 0.5302458015297906 0.5143239373333333 0.029291392109500825 0.0776280239999999 1
91 4 0.5787817157809985 0.5455030026666666 0.060839512077294766 0.1432415786666667 1
91 5 0.8449242805958133 0.714082348 0.30854113285024154 0.5665019706666666 1
91 9 0.6641019299516908 0.44398728666666665 0.12191301771336538 0.32614042399999993 7
91 12 0.7754713876811594 0.5153445693333334 0.06991981400966185 0.08609932000000003 1
92 3 0.5282736256038647 0.5125375026666668 0.02815557809983904 0.07495962933333333 1
92 4 0.5733500281803543 0.540524676 0.05683801610305961 0.13523741066666667 1
92 5 0.8356208715780998 0.7151191213333333 0.3271479508856683 0.5644284239999999 1
92 9 0.6552066095008051 0.44470161333333336 0.11414031723027362 0.30981784533333334 7
92 12 0.7679078345410628 0.5148284413333333 0.06883106521739135 0.08519777866666661 1
93 3 0.5263840628019324 0.5108008119999999 0.027065685990338206 0.0723755173333333 1
93 4 0.5682107962962963 0.5358005173333333 0.05310216103059584 0.1276379893333333 1
93 5 0.7923523309178744 0.7146402333333333 0.27432045410628003 0.5554404506666667 1
93 9 0.6468872242351047 0.4453756853333333 0.10695932286634457 0.2943779413333333 7
93 12 0.7604935547504026 0.51432298 0.06777013687600653 0.08431493600000006 1
94 3 0.5246167266505636 0.5091798186666667 0.026055393719806696 0.06996363733333333 1
94 4 0.5635932125603864 0.5315787266666667 0.049810365539452506 0.12084720266666671 1
94 5 0.757271305152979 0.6828117866666668 0.23253421256038642 0.48569941866666666 1
94 9 0.6393023260869566 0.44598739333333337 0.1005693590982285 0.2804037573333334 7
94 12 0.7532241686795491 0.5138278546666667 0.0667360281803544 0.08345021599999997 1
95 3 0.5229601119162641 0.5076633333333334 0.025116400966183616 0.06770732800000001 1
95 4 0.5594213844605475 0.5277832146666667 0.04688956441223824 0.11474250400000008 1
95 5 0.7294637709339775 0.6580856013333334 0.20113416505636061 0.43151479733333337 1
95 9 0.6323575531400967 0.4465450053333333 0.09485207246376814 0.26769603733333325 7
95 12 0.7460954702093399 0.5133427533333333 0.0657277858293076 0.082603064 1
96 3 0.5214041171497584 0.5062415626666668 0.02424151127214169 0.06559199999999998 1
96 4 0.5553788035426731 0.524426712 0.044064541062802 0.10874074133333328 1
96 5 0.7050491469404186 0.6377320466666666 0.1745711006441224 0.3864189946666667 1
96 6 0.9596634545088567 0.790048192 0.07906278502415465 0.4145702826666666 1
96 9 0.6259742028985507 0.44705538933333333 0.08971101288244765 0.25609008000000005 7
96 12 0.7391034122383253 0.5128673733333333 0.06474449919484704 0.08177294933333323 1
97 3 0.519832097826087 0.5047316653333334 0.023386920289855118 0.06351846133333333 1
97 4 0.5517216795491142 0.521403796 0.04155098067632845 0.10333562933333335 1
97 5 0.685375868357488 0.6207406493333334 0.15337408293075672 0.34879846133333336 1
97 6 0.9234441284219002 0.7777681599999999 0.15150143719806763 0.4391303466666666 1
97 9 0.6200360229468599 0.44753248 0.0849996143317231 0.245267648 7
97 12 0.7322441010466989 0.512401428 0.06378529871175531 0.08095936800000003 1
98 3 0.5183538397745571 0.5033142573333333 0.02258955233494364 0.06157200800000001 1
98 4 0.5483972278582931 0.5186670933333333 0.03930099355877614 0.09844241600000003 1
98 5 0.6689503844605476 0.6067676346666666 0.13634284460547497 0.3178541546666666 1
98 6 0.8978352971014493 0.7697072933333333 0.2027190998389694 0.45525207999999995 1
98 9 0.6145481058776168 0.4479717066666667 0.08073207004830918 0.23532274666666664 7
98 12 0.7269420547504026 0.511358664 0.06302116908212574 0.08028166400000009 1
99 3 0.5169611888083736 0.5019810946666666 0.021843915458937158 0.05974129866666672 1
99 4 0.5453619070048309 0.5161777906666667 0.037275905797101494 0.09399166133333342 1
99 5 0.653977154589372 0.5944948480000001 0.12243246054750401 0.290741328 1
99 6 0.8765633180354268 0.7638527773333332 0.24526305797101444 0.466961112 1
99 9 0.6094606062801933 0.44837740533333337 0.07685099999999989 0.2261528 7
99 12 0.7217220925925927 0.5103326346666666 0.06227201449275366 0.07961523733333331 1
100 3 0.5156469106280193 0.500724884 0.021145190016103044 0.05801631199999996 1
100 4 0.5421031606280193 0.5139098933333333 0.03531711191626408 0.08972707199999996 1
100 5 0.641204019726248 0.5841507786666666 0.11101819243156208 0.2678890186666667 1
100 6 0.860402095410628 0.759414576 0.27758550322061193 0.4758375146666666 1
100 9 0.6045040905797101 0.44878386800000003 0.07320972544283422 0.2175280453333333 7
100 12 0.7165823224637682 0.509322936 0.06153741787439604 0.07895981333333335 1
101 3 0.5144045628019324 0.499539148 0.02048913204508862 0.056388146666666694 1
101 4 0.5391168079710145 0.5118388386666667 0.03354810225442839 0.08583267466666672 1
101 5 0.630173925120773 0.5753138946666666 0.10150597906602254 0.24836613066666663 1
101 6 0.847425402979066 0.7558079226666666 0.30353888808373597 0.4830508213333333 1
101 9 0.5998891219806763 0.4491610146666667 0.0698806497584541 0.2095368933333333 7
101 10 0.9773278554750402 0.6892079773333333 0.04373398309178744 0.3643035493333334 1
101 12 0.7122992101449275 0.508995192 0.06081720128824475 0.07840726400000003 1
102 4 0.5363841960547504 0.509932376 0.03193805555555551 0.08224467200000002 1
102 5 0.6200813816425121 0.5673684 0.09311982125603857 0.2308156640000001 1
102 6 0.8060462000805153 0.7529245986666666 0.26227724879227043 0.48881746933333337 1
102 9 0.5955812741545894 0.4495119066666666 0.06682687842190016 0.202112 7
102 10 0.9530584766505636 0.6839707106666666 0.09227274074074077 0.3678243333333333 1
102 12 0.7080744287439613 0.508671952 0.060096968599033795 0.07786214400000008 1
103 4 0.5335824146537842 0.50808366 0.030390489533011267 0.078798904 1
103 5 0.611240480273752 0.5604713893333333 0.08600152737520128 0.215580928 1
103 6 0.7672211859903382 0.7143434493333334 0.21856019484702094 0.4210862213333334 1
103 9 0.5915506324476651 0.44983919333333333 0.06401696376811594 0.19519523466666677 7
103 10 0.9335644404186796 0.6803100146666666 0.13126081320450889 0.36831273866666664 1
103 12 0.7039067910628019 0.5083531266666667 0.05937687037037043 0.07732430133333329 1
104 4 0.5309982669082125 0.5063836053333334 0.028981934782608687 0.075630256 1
104 5 0.6032652008856683 0.5540775493333333 0.07960896698872788 0.20152399466666665 1
104 6 0.7343237069243156 0.6839839293333333 0.18408803220611913 0.3662065253333333 1
104 9 0.5876152133655395 0.45014530266666664 0.06138044766505635 0.18869151200000006 7
104 10 0.9173522572463768 0.677072304 0.16368517954911432 0.36804570133333336 1
104 12 0.6997951392914654 0.508038624 0.058657053140096616 0.07679358399999997 1
105 4 0.5287089094202899 0.5042128293333333 0.027702986312399314 0.07270257599999996 1
105 5 0.5962115841384863 0.548466228 0.07410742109500812 0.18918724533333342 1
105 6 0.7083784649758453 0.6603957173333332 0.1583724742351047 0.32390974399999994 1
105 9 0.5839187769726248 0.45043198933333334 0.05894321417069248 0.18260715733333333 7
105 10 0.9030675793075684 0.6675787266666666 0.1922545354267311 0.3545707066666667 1
105 12 0.6957383522544283 0.5077283613333333 0.057937656199677945 0.07626985866666675 1
106 4 0.526584727858293 0.5022037453333333 0.026529552334943585 0.06999311733333341 1
106 5 0.5897497870370371 0.5437471333333334 0.06924757246376823 0.17860121066666662 1
106 6 0.6873666972624799 0.6415348026666667 0.13854869726247987 0.2903264800000001 1
106 9 0.5804400458937198 0.45070104666666666 0.05668438647342988 0.17690287200000004 7
106 10 0.8909253417874397 0.645197388 0.21653901046698876 0.3144965146666668 1
106 12 0.6917353325281803 0.5074222546666667 0.057218813204508945 0.07575297866666664 1
107 4 0.5246084392109501 0.5003389346666667 0.0254492906602255 0.06747835466666668 1
107 5 0.5835932407407407 0.539206596 0.06468164895330109 0.168476888 1
107 6 0.6701323067632851 0.6254389826666666 0.1232042093397745 0.26313152799999995 1
107 9 0.5770666956521739 0.450960696 0.054223169082125544 0.1713141546666666 7
107 10 0.8677467769726248 0.6273327160000001 0.2119472061191625 0.2827575440000001 1
107 12 0.6891461235909824 0.5066740666666667 0.05669425845410625 0.07540294399999997 1
108 4 0.5227650966183575 0.49860339866666664 0.024451694041867977 0.06513802933333335 1
108 5 0.5782835157004831 0.5351658013333334 0.06071711996779383 0.1594622586666667 1
108 6 0.6547263325281805 0.61111794 0.11000568921095011 0.2391420079999999 1
108 9 0.5738892914653784 0.45120514266666667 0.05193245410628011 0.1660678533333333 7
108 10 0.8366696239935587 0.612614216 0.18615344444444448 0.25679618666666665 1
108 12 0.6865796272141707 0.5059323813333334 0.056166252818035445 0.07505613866666672 1
109 4 0.5210417020933977 0.49698414133333335 0.023527756843800374 0.06295460266666669 1
109 5 0.573486305152979 0.5315355079999999 0.0572061384863124 0.15136314933333334 1
109 6 0.6416865901771337 0.599091468 0.09925580515297905 0.21913735733333334 1
109 9 0.5708911517713366 0.45143568266666667 0.04979559178743964 0.16113343466666663 7
109 10 0.8102937580515298 0.6002752453333333 0.165342847826087 0.23517272 1
109 12 0.6840355418679549 0.5051971213333333 0.05563492753623189 0.07471251999999995 1
110 4 0.5192068035426731 0.49574320400000005 0.02264838003220615 0.06090148000000006 1
110 5 0.5687215165056361 0.5280777653333333 0.053889034621578125 0.14368725333333326 1
110 6 0.6306338466183574 0.5889745506666666 0.09045961272141712 0.20241295733333325 1
110 9 0.5678981223832529 0.45178483599999997 0.04815584057971012 0.1563837626666666 7
110 10 0.7864638369565218 0.5891734826666667 0.14740267069243151 0.21603298666666665 1
110 12 0.6815135728663446 0.5044682093333334 0.055100414653784235 0.07437204533333341 1
111 4 0.5174844951690821 0.49458063333333335 0.021830818035426747 0.058978045333333284 1
111 5 0.5643867270531401 0.5249292533333333 0.05081195008051531 0.13700233600000006 1
111 6 0.6203996626409017 0.579613708 0.082540882447665 0.1870505466666667 1
111 9 0.5650671070853462 0.452113948 0.046628832528180286 0.15190588000000005 7
111 10 0.7658961884057971 0.5795462853333333 0.13260480032206123 0.20005662400000002 1
111 12 0.6793855273752012 0.5042515253333334 0.054769510466988636 0.07409160533333342 1
112 4 0.515864710547504 0.49348922799999995 0.021068876811594195 0.05717238666666663 1
112 5 0.5604192942834139 0.5220608493333333 0.048039826892109616 0.13091193333333329 1
112 6 0.6115041606280193 0.5715239146666666 0.07586311030595816 0.17384525333333334 1
112 9 0.5623852254428341 0.4524246986666667 0.045203835748792165 0.14767710933333333 7
112 10 0.7479567081320451 0.571244012 0.12022731320450886 0.18628064800000005 1
112 12 0.6772727830112721 0.5040364586666667 0.0544413599033815 0.07381327999999998 1
113 4 0.5143385499194848 0.49246265199999995 0.02035715136876004 0.055474007999999964 1
113 5 0.5566854919484702 0.5193466426666666 0.04545859903381633 0.12516347733333338 1
113 6 0.6032821706924316 0.5645469186666667 0.06993973429951683 0.16203834400000006 1
113 9 0.5598409327697262 0.4527185813333333 0.04387140016103064 0.14367722133333327 7
113 10 0.7321145668276973 0.5638788333333333 0.1098480950080516 0.17406694133333334 1
113 12 0.67517517431562 0.503822988 0.0541159283413849 0.07353704266666672 1
114 4 0.5128981151368761 0.4914952933333333 0.019690908212560365 0.05387362666666662 1
114 5 0.5532520261674718 0.5168609093333334 0.04311863365539459 0.119898752 1
114 6 0.5960391690821256 0.5584323466666667 0.06485833011272146 0.15172828800000004 1
114 9 0.5576990442834138 0.45292138533333337 0.04264469404186799 0.13981961333333337 7
114 10 0.7180927548309178 0.5574196 0.10100335668276972 0.1633557333333333 1
114 12 0.6730925398550724 0.5036110986666666 0.05379318438003211 0.07326287466666664 1
115 5 0.5500839440418679 0.5145759666666667 0.04098826972624792 0.11505917066666671 1
115 6 0.5896093023349437 0.5530293786666667 0.060455809178743936 0.14264793066666664 1
115 9 0.5552390462962964 0.4531164866666667 0.041401865539452465 0.13605754933333336 7
115 10 0.7055919412238325 0.551708848 0.09339202093397747 0.15388583466666667 1
115 12 0.6728794041867956 0.503547072 0.053733610305958135 0.0732225333333334 1
116 5 0.5470612129629628 0.512673252 0.03930125362318837 0.11059638666666666 1
116 6 0.5838623268921095 0.548188504 0.05660796457326889 0.13465394133333336 1
116 9 0.552901463768116 0.453301348 0.04023706602254429 0.1324924506666667 7
116 10 0.693917959742351 0.5465248533333333 0.08661312882447669 0.14529841599999999 1
116 12 0.6726664939613527 0.5034831146666667 0.05367400885668283 0.07318224000000007 1
117 5 0.5442549524959742 0.5109125346666666 0.03775881803542669 0.10646665333333333 1
117 6 0.578241943236715 0.5436349866666667 0.05311105394524951 0.1274467466666666 1
117 9 0.5507995322061192 0.4535186586666667 0.03915015297906599 0.12907365333333332 7
117 10 0.6834027620772947 0.5418885533333333 0.0806999830917875 0.137618344 1
117 12 0.6724538087761676 0.5034192239999999 0.053614376006441256 0.07314198933333332 1
118 5 0.5416426445249598 0.509278488 0.036343607890499174 0.10263403733333337 1
118 6 0.5731681775362318 0.5395440413333333 0.0500190668276973 0.12097167733333336 1
118 9 0.5487982866344605 0.4537250266666667 0.038127925925925954 0.12582669866666668 7
118 10 0.6738808393719806 0.5377175066666666 0.07550435668276978 0.1307090399999999 1
118 12 0.6722413482286634 0.5033554013333333 0.05355471417069246 0.07310177866666662 1
119 5 0.5391454283413849 0.5076940866666667 0.03499229146537841 0.09894144266666666 1
119 6 0.5684725362318841 0.53564442 0.04714053462157819 0.11482296799999991 1
119 9 0.5468906332528181 0.45392125866666666 0.037164986312399284 0.12273894933333329 7
119 10 0.6649259734299517 0.533880936 0.07080419162640894 0.12435207999999998 1
119 12 0.672029111916264 0.5032916453333334 0.0534950241545894 0.073061616 1
120 5 0.536815093800322 0.5062196586666666 0.03374788003220608 0.09550515200000004 1
120 6 0.5642131783413848 0.5321219373333334 0.04457669645732687 0.10926890399999994 1
120 9 0.5449938884863124 0.4531399426666667 0.03606947423510476 0.11972062133333333 7
120 10 0.6567551525764895 0.5304000186666666 0.06663196859903375 0.11858446399999995 1
120 12 0.6718170994363929 0.5032279573333334 0.05343530515297901 0.0730214933333333 1
121 5 0.5347065056360709 0.5046429586666666 0.0324404766505636 0.0922422693333333 1
121 6 0.5603318268921096 0.5289244053333334 0.04227972624798715 0.10422720000000002 1
121 9 0.5431842242351046 0.4523962186666667 0.035034045893719834 0.11684718400000005 7
121 10 0.6492691867954912 0.527227496 0.06290749597423506 0.11332786666666661 1
121 12 0.6717682041062802 0.5032818586666667 0.05341338888888891 0.0730249386666667 1
122 5 0.5327323595008051 0.5031704413333333 0.031228385668277014 0.08919496799999999 1
122 6 0.5567801670692432 0.5260088453333334 0.040210880032206076 0.09963008533333328 1
122 9 0.5414557600644122 0.45168743733333333 0.03405402254428336 0.11410844266666664 7
122 10 0.6417301638486312 0.5241144133333333 0.05929792995169092 0.10817918933333337 1
122 12 0.6717193051529791 0.5033357626666667 0.05339139452495978 0.07302837866666678 1
123 5 0.5308801702898551 0.5017921146666666 0.030101714170692406 0.08634257066666667 1
123 6 0.5535178007246377 0.5233395306666666 0.03833845813204506 0.09542123733333335 1
123 9 0.5396858490338164 0.451889016 0.032972646537842154 0.11144115733333332 7
123 10 0.6351995330112721 0.5218849146666666 0.0561264009661836 0.10375155733333336 1
123 11 0.9706242218196457 0.6300509666666667 0.05714125040257645 0.5573831226666668 8
123 12 0.6716704025764895 0.5033896693333333 0.053369323671497604 0.0730318133333333 1
124 5 0.5288204722222223 0.5008249186666667 0.02898520692431561 0.08355656800000011 1
124 6 0.550415093800322 0.5206205453333334 0.03661163848631244 0.09151355466666661 1
124 9 0.5379936678743962 0.452081572 0.03194650161030599 0.108895768 7
124 10 0.6291564698067633 0.5198307333333334 0.0532531602254428 0.0996721066666667 1
124 11 0.9466493373590983 0.6273838653333333 0.10509101932367149 0.5580375013333334 8
124 12 0.6716214963768117 0.50344358 0.0533471747181965 0.07303523466666656 1
125 5 0.5268852399355877 0.49991824533333334 0.02794654428341381 0.08094473066666674 1
125 6 0.5475481799516908 0.518115396 0.03503729227053132 0.08791319200000003 1
125 9 0.5363741928341385 0.45226569333333333 0.030971541867955033 0.10646410666666667 7
125 10 0.6233423711755234 0.517900356 0.05058825442834136 0.0958516826666666 1
125 11 0.9265020177133656 0.6244489773333333 0.14538565861513686 0.5579511066666666 8
125 12 0.6715725857487922 0.5034974933333334 0.053324947665056466 0.0730386506666666 1
126 5 0.5250635020128824 0.4990665866666667 0.026978000805153002 0.07849123200000002 1
126 6 0.5448911103059582 0.515799812 0.033596452495974316 0.08458526666666671 1
126 9 0.534822824879227 0.45244192533333333 0.03004410386473433 0.10413871466666669 7
126 10 0.6179368655394526 0.516112492 0.048159040257648944 0.09231332000000003 1
126 11 0.9099662206119162 0.6214178106666667 0.17845725281803548 0.557520896 8
126 12 0.6715236719001609 0.503551408 0.053302643317230225 0.07304205866666663 1
127 5 0.5233455430756844 0.4982650813333333 0.026072826892109546 0.07618209333333337 1
127 6 0.5425741046698873 0.5140174933333334 0.03232636392914656 0.08178392533333328 1
127 9 0.5333392826086956 0.4526134706666667 0.029138933977455816 0.1018300399999999 7
127 10 0.61272034863124 0.513774068 0.04599574718196464 0.0889578053333333 1
127 11 0.8958921984702093 0.6133429866666668 0.20660529710144926 0.5364395733333334 8
127 12 0.6714747544283414 0.5036053266666667 0.053280262479871165 0.07304545866666673 1
128 5 0.5216457693236715 0.4966966306666667 0.02520464331723038 0.07396005066666667 1
128 6 0.5402299331723028 0.512149644 0.031025882447665132 0.07888053066666662 1
128 9 0.5319177987117553 0.4527777093333333 0.028277314009661936 0.09962155200000006 7
128 10 0.6078529786634461 0.5115995306666666 0.04401706360708546 0.08583746666666658 1
128 11 0.8839952443639292 0.5941591706666667 0.2303992053140096 0.47485673066666667 8
128 12 0.6714258325281803 0.5036592493333334 0.053257803542673066 0.07304885066666672 1
129 5 0.5200393232689211 0.495217012 0.02439114734299519 0.07186395466666667 1
129 6 0.5380415426731079 0.5104098173333333 0.029823901771336647 0.07617621599999996 1
129 9 0.5305545503220612 0.45293510000000003 0.02745622785829316 0.09750686666666658 7
129 10 0.603300729468599 0.5095722386666667 0.042201351046698754 0.08292841866666661 1
129 11 0.8663746485507247 0.5788443813333334 0.23750455797101455 0.42431088 8
129 12 0.6713769074074074 0.5037131733333333 0.05323526731078898 0.07305223466666666 1
130 5 0.5185187125603865 0.49381888399999996 0.023627412238325318 0.0698833946666666 1
130 6 0.5357606779388083 0.5093062426666667 0.028680774557165778 0.07362562133333334 1
130 9 0.5292460229468599 0.4530860626666667 0.026672925120772906 0.09548013066666672 7
130 10 0.5989838747987117 0.5089159480000001 0.04028274154589384 0.08014127199999999 1
130 11 0.8327679480676329 0.5671180093333333 0.2067987238325283 0.38256382666666666 8
130 12 0.6713279786634461 0.5037671013333334 0.05321265297906619 0.07305561066666671 1
131 5 0.5173901078904992 0.49279249199999997 0.022692241545893777 0.06789968266666668 1
131 6 0.5336232173913044 0.5082741906666667 0.02762012399355873 0.07124029600000009 1
131 9 0.5279136227858293 0.45323214 0.02591264331723031 0.09351853600000004 7
131 10 0.5949359702093397 0.5083024946666667 0.03851006119162648 0.07753532533333335 1
131 11 0.8047262443639291 0.5574939186666666 0.18251362721417064 0.3482942533333333 8
131 12 0.6710738961352657 0.5032102613333334 0.053170962962962864 0.07300491733333342 1
132 5 0.5163222580515299 0.49182284266666665 0.0218103776167472 0.06602561066666673 1
132 6 0.5316160301932367 0.507306928 0.026633477455716537 0.06900468266666665 1
132 9 0.5266330507246377 0.4533724333333333 0.02518638164251208 0.09163595999999996 7
132 10 0.5911325825281804 0.5077278120000001 0.036867785024154553 0.07509346400000011 1
132 11 0.7802601578099839 0.5492413786666667 0.1623866570048309 0.31892305600000004 8
132 12 0.6708200833333333 0.502654032 0.05312933091787442 0.07295429333333342 1
133 5 0.5153103828502416 0.49090536 0.020977377616747228 0.06425233066666658 1
133 6 0.5297883063607085 0.5053445866666666 0.025694556360708498 0.06684016000000004 1
133 9 0.5254013345410629 0.45350727999999996 0.02449194444444447 0.089827712 7
133 10 0.5873831356682769 0.50569864 0.035460944444444475 0.0727363786666666 1
133 11 0.7593233582930756 0.5422732013333333 0.14594547826086968 0.2941191813333333 8
133 12 0.6705665398550724 0.5020984133333334 0.05308775925925935 0.07290373333333339 1
134 5 0.5143501900161029 0.49003594399999995 0.020189276972624737 0.06257192533333339 1
134 6 0.5280686888083737 0.5035015093333334 0.024818451690821086 0.06480730133333329 1
134 9 0.5242157250402577 0.45363699199999996 0.023827316425120704 0.08808948266666666 7
134 10 0.5838527954911433 0.5037928306666667 0.034157241545893724 0.07052263200000003 1
134 11 0.7403953872785829 0.5363395586666667 0.13160908534621574 0.2721587066666667 8
134 12 0.67031326489533 0.501543404 0.053046246376811546 0.07285323999999999 1
135 5 0.5134378148148148 0.489210916 0.0194425281803543 0.06097728266666674 1
135 6 0.5264478514492754 0.5017671386666667 0.023999144122383353 0.06289444266666666 1
135 9 0.523163944041868 0.453764912 0.023182440418679562 0.08596980266666665 7
135 10 0.5805228595008052 0.5019994706666666 0.0329461747181965 0.06843953866666669 1
135 11 0.723915541062802 0.531232212 0.11961945893719805 0.253249608 8
135 12 0.6700602576489533 0.500989004 0.05300479227053145 0.07280281333333327 1
136 6 0.5249175116747182 0.5001321373333334 0.023231355072463766 0.061091266666666644 1
136 9 0.5221600696457327 0.45388686133333334 0.022570876811594198 0.08394973333333339 7
136 10 0.5775914287439613 0.5007433173333333 0.031853174718196486 0.06650892799999997 1
136 11 0.7094330362318841 0.526789796 0.10946826086956529 0.2367972186666667 8
136 12 0.6701891223832528 0.50107 0.053056766505636066 0.07281878400000008 1
137 6 0.5236019496779387 0.4989123413333334 0.02250103784219004 0.05933994133333337 1
137 9 0.5212008957326892 0.45400324933333336 0.021990144122383204 0.08202241866666671 7
137 10 0.5748149468599033 0.49955604 0.030831589371980717 0.06468418133333337 1
137 11 0.6966022298711756 0.522890396 0.1007805128824476 0.22235197066666662 8
137 12 0.67031803784219 0.5011510253333333 0.0531085555555556 0.07283476000000005 1
138 6 0.5223579629629629 0.4977605053333334 0.021814713365539418 0.05768623200000006 1
138 9 0.5202834971819645 0.45411444533333334 0.0214380040257649 0.08018161066666668 7
138 10 0.5721814223027375 0.49843212400000003 0.029874881642512063 0.06295682400000002 1
138 11 0.685153458937198 0.5194401853333334 0.09327422061191637 0.20956768799999997 8
138 12 0.6704470040257648 0.5012320786666666 0.05316015942028984 0.07285073866666669 1
139 6 0.5211798599033817 0.49667110266666664 0.021168558776167412 0.05612219466666668 1
139 9 0.5194051980676329 0.4542207933333334 0.02091242351046696 0.07842161866666664 7
139 10 0.5693598896940419 0.49733828799999996 0.028929971014492684 0.06127529066666659 1
139 11 0.6742836843800322 0.5162088173333333 0.08641243317230274 0.19765190133333332 8
139 12 0.670576020531401 0.501313164 0.05321157729468595 0.07286671733333333 1
140 6 0.5200625374396135 0.495639192 0.020559179549114348 0.054640725333333307 1
140 10 0.5666800261674718 0.49630132 0.02804414251207732 0.05968118933333322 1
140 11 0.6645137451690821 0.5133256933333333 0.0804253325281804 0.18701816000000004 8
140 12 0.6707050877616747 0.5013942773333333 0.053262809983896875 0.07288270399999996 1
141 6 0.5190014057971015 0.49466033866666664 0.019983550724637644 0.053235461333333345 1
141 10 0.5641314057971014 0.49531689733333334 0.02721222544283408 0.05816786399999996 1
141 11 0.655663097020934 0.5104420359999999 0.07518613929146545 0.17754015200000006 8
141 12 0.6708342057165861 0.5014754226666667 0.05331385587761672 0.07289869066666665 1
142 10 0.5617427580515297 0.4943546573333333 0.026415208534621537 0.05669025866666666 1
142 11 0.6476180825281803 0.5078368666666666 0.07054646135265707 0.1689763893333333 8
142 12 0.6709633752012882 0.501556596 0.053364714975845384 0.07291468000000006 1
143 10 0.5594685857487922 0.49344005333333335 0.025665124798711747 0.055285807999999936 1
143 11 0.6402728784219002 0.5054716986666667 0.0664130531400966 0.16120068266666665 8
143 12 0.6710925950080515 0.5016378 0.053415388083735915 0.07293067200000003 1
144 10 0.557300841384863 0.4925696346666667 0.02495808051529791 0.053949210666666636 1
144 11 0.6334170716586152 0.503383072 0.06256403220611928 0.15388710933333338 8
144 12 0.6712218659420289 0.5017190333333333 0.053465873590982316 0.07294666933333332 1
145 10 0.5552144714170693 0.491730756 0.02428264492753618 0.052660685333333235 1
145 11 0.6267719029790659 0.5014176533333333 0.05898194444444449 0.14701076266666657 8
145 12 0.6713511876006442 0.5018002973333333 0.05351617069243164 0.07296266933333334 1
146 10 0.5532224311594203 0.49093098 0.02364447101449274 0.05143222666666669 1
146 11 0.6206666477455717 0.49962063333333334 0.05576149677938802 0.14072266933333333 8
146 12 0.6710339597423511 0.5023742520000001 0.05344164090177139 0.07293848800000002 1
147 10 0.5513184573268921 0.49016763599999996 0.023040653784219045 0.05025973066666667 1
147 11 0.6150378035426731 0.49797125866666664 0.05285253462157824 0.13495043733333334 8
147 12 0.6707170430756844 0.502947656 0.05336694444444445 0.07291425066666668 1
148 10 0.549404768115942 0.489387404 0.022279209339774453 0.049107864 1
148 11 0.6098314887278583 0.49645205066666664 0.05021355716586151 0.12963309333333334 8
148 12 0.6704004367954911 0.503520508 0.05329208293075682 0.07288995466666665 1
149 10 0.5475743474235104 0.4886421386666666 0.021555710950080464 0.0480076906666666 1
149 11 0.6050016771336554 0.4950481866666666 0.04780995330112736 0.12471889600000002 8
149 12 0.6700841409017713 0.5040928093333333 0.05321705797101439 0.07286559733333342 1
150 10 0.5458218707729469 0.48792954266666666 0.02086742592592583 0.04695580533333338 1
150 11 0.6003745297906602 0.4937638906666667 0.04561600483091788 0.12022000000000005 8
150 12 0.6697681541867955 0.50466456 0.05314186876006444 0.07284118400000006 1
151 10 0.5441424597423511 0.4872475146666666 0.020211877616747254 0.04594909866666658 1
151 11 0.5960553289049919 0.49256914000000007 0.04360247101449266 0.11603437600000005 8
151 12 0.6690184331723027 0.5037711 0.053002479871175456 0.07273065866666673 1
152 10 0.542531634863124 0.486594128 0.01958681078904989 0.044984720000000034 1
152 11 0.5920142314814814 0.4914548853333333 0.04174874959742347 0.11213041066666662 8
152 12 0.6682706058776167 0.50287992 0.05286317632850246 0.07262053333333329 1
153 11 0.5882251392914654 0.49041325866666663 0.040037186795491175 0.10848059199999999 8
153 12 0.6675246666666667 0.5019910093333333 0.05272395813204511 0.07251081333333337 1
154 11 0.5846798313204509 0.4895527106666666 0.038513000805153075 0.10498219999999997 8
154 12 0.6667806070853461 0.50110436 0.05258482608695647 0.07240149333333334 1
155 11 0.5813471779388084 0.4887459066666666 0.03710185990338155 0.1017023093333333 8
155 12 0.6660384210950081 0.500219964 0.0524457809983897 0.07229257333333333 1
156 11 0.5782085555555555 0.487987968 0.03579207246376814 0.09862107199999998 8
156 12 0.6643481513687601 0.5009826946666667 0.052209296296296226 0.07206550666666672 1
157 11 0.5752474585346216 0.487274584 0.03457346618357482 0.09572097066666668 8
157 12 0.662668692431562 0.501740344 0.05197511755233486 0.07183990399999995 1
158 11 0.5724492061191626 0.48660194 0.03343715780998391 0.09298648799999998 8
158 12 0.6609999396135267 0.5024929666666667 0.051743215780998386 0.07161575199999998 1
159 11 0.569616231078905 0.48597337333333335 0.032364268921094896 0.09042248533333336 8
159 12 0.6593417914653785 0.5032406093333334 0.05151356199677937 0.07139303200000002 1
160 11 0.5669297636876006 0.4853785266666667 0.03136001368760066 0.087996024 8
160 12 0.6576941461352657 0.5039833213333333 0.05128612479871175 0.07117174133333332 1
161 11 0.5643787033011272 0.48481475333333335 0.030418237520128844 0.08569632266666671 8
161 12 0.655057382447665 0.503301324 0.05091219806763281 0.07078650933333336 1
162 11 0.5619530462962963 0.48427968266666666 0.029533483896940438 0.08351370666666669 8
162 12 0.6524470929951691 0.5026264466666667 0.05054377214170702 0.07040537866666674 1
163 11 0.5596437504025764 0.48377117599999997 0.028700896940418663 0.08143945066666664 8
163 12 0.6498628812399356 0.5019585786666666 0.050180736714975915 0.07002827733333333 1
164 11 0.5574426235909823 0.4832873053333333 0.02791614734299519 0.07946568266666665 8
164 12 0.6473043578904991 0.5012976106666667 0.04982298792270534 0.06965514666666661 1
165 11 0.5553422298711755 0.48282632133333336 0.027175359903381713 0.0775852720000001 8
165 12 0.6447711413043478 0.5006434373333333 0.0494704210950081 0.06928591999999995 1
166 11 0.5533357954911433 0.4823866373333333 0.02647505636070857 0.07579174933333332 8
166 12 0.6417648937198067 0.5006867133333334 0.048718537842189935 0.06886592799999997 1
167 11 0.5514171457326893 0.48196681333333335 0.025812109500805147 0.07407922666666661 8
167 12 0.638794888083736 0.500729448 0.04795947987117544 0.068450128 1
168 11 0.5495806336553946 0.48156552933333335 0.02518369726247982 0.07244233866666672 8
168 12 0.6358604645732688 0.500771644 0.04719364573268925 0.06803844533333331 1
169 11 0.547739671900161 0.4810075186666667 0.02447068035426736 0.0707928453333333 8
169 12 0.6329609806763286 0.5008133106666667 0.04642142673107885 0.06763081333333343 1
170 11 0.5459782568438003 0.4804743893333333 0.023793927536231885 0.06921682133333334 8
170 12 0.6294764106280193 0.5002588546666666 0.04551259903381644 0.06707004000000011 1
171 11 0.5442913361513688 0.479964512 0.023150804347826015 0.067709456 8
171 12 0.6260474685990338 0.49971334666666667 0.044603516908212626 0.06651811733333335 1
172 11 0.5426742765700483 0.47947639733333336 0.02253891545893727 0.06626636266666669 8
172 12 0.6226728297101449 0.4991765853333333 0.04369449999999997 0.06597483466666659 1
173 11 0.5411228220611917 0.4790086813333333 0.021956088566827847 0.06488351733333331 8
173 12 0.6193512101449274 0.498648368 0.042785856682769796 0.06543998933333334 1
174 11 0.5396330547504026 0.47856011333333337 0.02140034460547513 0.06355722400000002 8
174 12 0.6158278832528181 0.4980922933333333 0.0418272028985508 0.06485453333333335 1
175 11 0.5382013647342996 0.4781295400000001 0.0208698760064413 0.062284082666666685 8
175 12 0.612365076489533 0.49754594799999996 0.04087204830917879 0.06427912800000007 1
176 11 0.5368244162640902 0.47771589999999997 0.020363028985507237 0.06106095733333333 8
176 12 0.60891534863124 0.497699456 0.03995078099838967 0.06364445333333335 1
177 11 0.5354991272141707 0.47731821333333335 0.01987829307568445 0.05988496533333337 8
177 12 0.6055317757648953 0.49785003333333333 0.039039833333333385 0.06302155999999998 1
178 11 0.5342226396940419 0.47693557333333336 0.019414277777777822 0.058753424000000054 8
178 12 0.6022124746376811 0.4979977613333333 0.03813908454106274 0.06241012000000001 1
179 12 0.5991085720611916 0.4981073746666666 0.037225913848631276 0.061755671999999984 1
180 12 0.5960676123188406 0.4982147853333333 0.036324962157810003 0.061114215999999943 1
181 12 0.5930877028985506 0.4983200586666667 0.03543601288244769 0.060485370666666705 1
182 12 0.5902491968599034 0.49818455333333334 0.034582049114331825 0.05989949066666672 1
183 12 0.5874635950080516 0.49805167466666667 0.033738159420289904 0.059324447999999974 1
184 12 0.5847294331723027 0.49792134666666665 0.03290420772946856 0.05875993600000001 1
185 12 0.5820453023349437 0.497793496 0.032080061996779374 0.05820566399999999 1
185 13 0.4005408599033816 0.4802077146666667 0.019385492753623168 0.06379089066666671 8
186 12 0.579373443236715 0.5012150040000001 0.031161121578099804 0.05742868000000001 1
186 13 0.3995306783413849 0.482650536 0.019703432367149776 0.06470233599999997 8
187 12 0.5767724629629629 0.504543616 0.030263900161030532 0.05666974933333324 1
187 13 0.39849231723027373 0.48516363733333334 0.020032367149758423 0.06564028266666666 8
188 12 0.5742395801127214 0.50778302 0.02938759339774555 0.055928258666666675 1
188 13 0.39742457930756847 0.48775009199999997 0.020372857487922724 0.06660590666666666 8
189 12 0.5717721574074075 0.5109367106666667 0.02853143719806772 0.05520360800000007 1
189 13 0.39632619847020933 0.49041315999999996 0.020725496779388064 0.06760044799999998 8
190 12 0.5688270676328503 0.5108351386666667 0.02771275523349437 0.054573392000000054 1
190 13 0.39519583373590983 0.4931563 0.021090920289855042 0.06862522933333332 8
191 12 0.565946139694042 0.5107358280000001 0.026909295491143292 0.05395698933333343 1
191 13 0.3929609681964573 0.49452661066666664 0.021733567632850226 0.0696844213333333 8
192 12 0.5631273023349437 0.5106387 0.026120640096618408 0.0533539440000001 1
192 13 0.3906586481481481 0.49593971333333337 0.02240048631239938 0.07077652533333334 8
193 12 0.5597875519323672 0.512370152 0.025483912238325357 0.05286426133333344 1
193 13 0.388285768921095 0.49739764399999997 0.02309302415458936 0.07190310133333333 8
194 12 0.5565108904991949 0.5140192853333334 0.024859914653784232 0.05248082666666665 1
194 13 0.38583903220611915 0.4989025653333333 0.023812621578099824 0.07306580266666668 8
195 12 0.5532955475040258 0.5156376493333333 0.024248272141706884 0.05210221599999998 1
195 13 0.38331492914653786 0.5004567879999999 0.024560830917874366 0.07426640266666673 8
196 12 0.5501398184380032 0.5172260986666667 0.023648625603864604 0.051728341333333316 1
196 13 0.38039286714975845 0.5039861026666667 0.025338413848631225 0.07549313333333335 8
197 12 0.5470420611916265 0.5187854573333334 0.023060628019323626 0.0513591226666667 1
197 13 0.37737694927536236 0.5076331026666667 0.026148512077294683 0.07676039733333334 8
198 12 0.5444487471819646 0.5211698013333333 0.022547373590982245 0.051136536000000066 1
198 13 0.37426257286634457 0.511403764 0.026993094202898582 0.07807023200000002 8
199 12 0.5418934400161031 0.5235192093333334 0.022041525764895153 0.05091451466666663 1
199 13 0.3706414214975845 0.5113905786666666 0.0279187914653784 0.07943629866666668 8
200 12 0.5383746892109501 0.5230701266666666 0.021515544283413846 0.05058517066666668 1
200 13 0.3668960462962963 0.5113768746666667 0.028886796296296313 0.08085109866666662 8
201 12 0.5348980515297906 0.52262646 0.020995644122383306 0.050260045333333336 1
201 13 0.36301992995169086 0.51136262 0.029899885668277004 0.08231727733333333 8
202 12 0.5314564001610306 0.52031812 0.020481185185185158 0.04982405333333334 1
202 13 0.35900609138486317 0.5113477826666667 0.030961071658615114 0.08383769866666668 8
203 12 0.5287624263285025 0.5172822186666667 0.02092010064412242 0.0493004053333333 1
203 13 0.35617584822866344 0.509430968 0.031977870370370365 0.08550817600000005 8
204 12 0.5261023607085347 0.5142846546666667 0.021347404186795482 0.04878268533333335 1
204 13 0.3532345201288245 0.5074357733333333 0.033044500805152976 0.08724709333333336 8
205 12 0.5242952008856683 0.5106146760000001 0.020942632045088505 0.04831078666666666 1
205 13 0.35017542069243157 0.505357296 0.03416456441223836 0.08905875733333324 8
206 12 0.5225068627214171 0.506928672 0.02054125845410626 0.04795529599999987 1
206 13 0.3480951171497585 0.5042841520000001 0.035382641706924345 0.09082541333333338 8
207 12 0.5221530644122383 0.5053694893333334 0.020595004830917807 0.047709085333333345 1
207 13 0.34593345893719807 0.5031671026666666 0.03665379710144928 0.09266417866666665 8
208 12 0.521802670289855 0.5038259226666666 0.020647814009661758 0.04746494400000001 1
208 13 0.34368557326892113 0.5020034120000001 0.037981581320450875 0.09457956000000001 8
209 12 0.5223988365539453 0.5025333546666667 0.020186732689210896 0.04759515733333336 1
209 13 0.3434048373590982 0.5024335026666666 0.03848422544283414 0.09653910133333332 8
210 12 0.5229980450885667 0.5012327173333333 0.019716558776167514 0.047726522666666715 1
210 13 0.343112307568438 0.5028819653333333 0.039007494363929196 0.09858141333333331 8
211 12 0.5266472761674719 0.5012191653333333 0.019026299516908263 0.04740454933333327 1
211 13 0.3428072222222222 0.5033500053333333 0.039552743961352665 0.10071185599999993 8
212 12 0.5309196783413849 0.5011801426666667 0.01837126811594203 0.047085496000000004 1
212 13 0.34456739613526566 0.5054033306666667 0.040149019323671487 0.10269779733333334 8
213 12 0.5351371195652175 0.5011413653333333 0.017715760869565167 0.04676941866666667 1
213 13 0.3497750897745572 0.507376808 0.04037146940418679 0.1047975413333333 8
214 12 0.5426589158615136 0.5008708706666667 0.017208604669887273 0.046365447999999976 1
214 13 0.3541400205314009 0.5095709853333333 0.04376111030595814 0.1072419546666667 8
215 12 0.5500576497584542 0.5006046506666667 0.016701333333333346 0.04596735999999996 1
215 13 0.3610967222222222 0.5115792666666666 0.044324866344605474 0.1092807466666667 8
216 12 0.5610422016908212 0.49713438266666665 0.016559709339774575 0.04587320266666678 1
216 13 0.3702822930756844 0.5094352506666666 0.04481839774557167 0.11151931200000009 8
217 12 0.5727070917874396 0.49313250666666664 0.01645776167471813 0.04578117333333326 1
217 13 0.3798316646537842 0.507199928 0.045291113526570115 0.11385374933333337 8
218 12 0.5877572975040257 0.49115021999999997 0.016546815619967736 0.04569529333333339 1
218 13 0.39265300684380033 0.5046663413333333 0.04611764492753617 0.11637871999999999 8
219 12 0.6034028349436393 0.48765586666666666 0.0166735958132046 0.04561385066666668 1
219 13 0.40602692149758457 0.5020143346666667 0.046919817230273775 0.11902129333333328 8
220 12 0.6189963997584542 0.4841736013333333 0.01680088808373592 0.045535266666666574 1
220 13 0.4199898574879227 0.49923576533333336 0.047695381642512025 0.12178992533333327 8
221 13 0.43700548993558774 0.4969138493333334 0.049085730273752015 0.1247397626666667 8
222 13 0.45482788607085345 0.49447120399999994 0.05046366747181957 0.12783467999999998 8
223 13 0.4735567862318841 0.4919802946666667 0.05196838083735911 0.13146840799999998 8
224 13 0.49332713768115943 0.48933809333333333 0.053469808373590944 0.1353133973333333 8
225 13 0.514227865136876 0.486574412 0.054972632045088676 0.13947484 8
226 13 0.5362568546698873 0.4901289213333333 0.05659813285024162 0.14451733066666667 8
227 13 0.5597882246376811 0.49394869733333335 0.05823366183574874 0.14992157066666678 8
228 13 0.5849805225442835 0.4980632426666667 0.05988490177133654 0.15572783466666668 8
229 13 0.6101709166666667 0.49274333866666664 0.06343810869565214 0.16271096000000002 8
230 13 0.6375158973429952 0.4869218546666666 0.0672033099838969 0.17030598133333336 8
231 13 0.6673028615136876 0.48052954400000003 0.07123459098228657 0.17859682133333332 8
232 13 0.6969192439613527 0.47807193066666664 0.07556395974235108 0.18875698133333335 8
233 13 0.7297723651368759 0.47531839733333336 0.08026859822866339 0.20009964799999996 8
234 13 0.7664219508856682 0.472213932 0.08543675523349437 0.21284421600000003 8
235 13 0.8075646469404187 0.46868902933333334 0.09118462560386476 0.22726804266666673 8
236 13 0.848404458132045 0.466069164 0.10009598389694041 0.24495406133333336 8
237 13 0.8954386851851851 0.463011916 0.11043002576489536 0.26552265866666663 8
238 13 0.9440290587761675 0.4594005786666667 0.11033157648953296 0.2897427946666667 8
239 13 0.9725986988727858 0.4571031 0.05319229629629629 0.3024143813333333 8
241 14 0.008966107487922705 0.4866320413333334 0.01793221497584541 0.13900678666666666 7
242 14 0.024686541062801933 0.49015710133333334 0.049373082125603866 0.15594238933333338 7
243 14 0.038894669082125605 0.49377540666666664 0.07778933816425121 0.16399389599999997 7
244 14 0.052740526972624796 0.49781933066666667 0.10548105394524959 0.16406372800000002 7
245 14 0.07494759098228662 0.4986239866666667 0.10844585346215779 0.1635395466666666 7
246 14 0.09906990217391305 0.4992532226666667 0.10700011674718199 0.16272167733333337 7
247 14 0.11924891103059582 0.5040346360000001 0.10713887520128824 0.16299485066666664 7
248 14 0.13945370611916263 0.5088240159999999 0.10714139452495974 0.16321213333333334 7
249 14 0.15784841586151369 0.5138218866666666 0.10759171900161031 0.1634639386666667 7
250 14 0.1736363880837359 0.5100170306666667 0.10709631078904991 0.1645742853333334 7
251 14 0.1864101227858293 0.5064448373333333 0.10749291384863124 0.16582331733333344 7
252 14 0.19417029750402576 0.5038971013333333 0.11050913768115944 0.16815066666666667 7
253 14 0.2021294339774557 0.5012707679999999 0.11348652495974232 0.17053556799999997 7
254 14 0.206414865136876 0.49679543466666665 0.11605942592592591 0.1735850773333334 7
255 14 0.2064516767310789 0.49453504533333326 0.1196308800322061 0.17741774933333326 7
256 14 0.20648170813204508 0.4921707719999999 0.12333199275362319 0.18142445066666663 7
257 14 0.20157319162640902 0.495058344 0.12721541062801933 0.18633182399999992 7
258 14 0.19641442512077295 0.498106888 0.1313605909822866 0.191512976 7
259 14 0.1880046976650564 0.49368986000000004 0.13769631964573273 0.19753121333333334 7
260 14 0.17909746779388083 0.48898569866666663 0.14454091143317233 0.20394060266666658 7
261 14 0.1696462270531401 0.483965468 0.1519527729468599 0.21078054666666668 7
262 14 0.1589069577294686 0.486391828 0.16030953381642515 0.21822175200000005 7
263 14 0.1474568623188406 0.4889956893333333 0.16942426086956522 0.22620720266666672 7
264 14 0.1352210527375201 0.4917972706666667 0.17939507648953298 0.23479887733333332 7
265 14 0.12244349516908211 0.486185532 0.19020031561996778 0.24403478666666667 7
266 14 0.10871971940418679 0.48011359066666665 0.20209188647342996 0.25402801333333336 7
267 14 0.10077532487922705 0.4732744253333333 0.2015506497584541 0.26437971466666665 7
268 14 0.09643036070853463 0.46567156000000004 0.19286072141706925 0.27535054933333336 7
269 14 0.09182673389694042 0.45736153333333335 0.18365346779388084 0.28735466666666676 7
