0 0 0.5182105136876006 0.5479364706666666 0.06637250563607089 0.16695786933333334 1
0 1 0.29772399476650563 0.5188240693333332 0.03517854347826088 0.072911104 1
0 2 0.3569866231884058 0.5142085226666666 0.031972574879227 0.07069258133333334 1
0 25 0.020585505233494363 0.466218648 0.041171010466988726 0.48479084800000005 8
1 0 0.5152942805958132 0.5480173733333333 0.06538207165861509 0.1662661066666667 1
1 1 0.29018410225442837 0.5199405906666666 0.03799176328502413 0.07723801866666657 1
1 2 0.35143074074074077 0.518568584 0.035081665056360734 0.07591326400000009 1
2 0 0.512413192431562 0.5524251213333333 0.06440172785829312 0.16564814133333333 1
2 1 0.28158492713365535 0.5243967333333333 0.04113122302737521 0.08216820266666669 1
2 2 0.3450225925925926 0.5235948453333333 0.03874913204508856 0.08202182399999997 1
3 0 0.5095534597423511 0.556797964 0.06342805152979075 0.16503111199999992 1
3 1 0.2724428993558776 0.5306524053333334 0.04464611272141705 0.08775331200000003 1
3 2 0.3366791388888889 0.5311130386666667 0.0430627560386474 0.08953106933333338 1
4 0 0.506714847826087 0.561136296 0.06246099033816421 0.16441504533333334 1
4 1 0.2620953337359098 0.5377425253333333 0.04872686070853463 0.09414277333333332 1
4 2 0.32684249154589373 0.5399973306666667 0.04832151127214168 0.09853155733333341 1
5 0 0.5047714331723028 0.562381324 0.06173816747181965 0.16384532000000002 1
5 1 0.24915170813204507 0.5420022173333333 0.05373927938808376 0.10134422133333326 1
5 2 0.31578545813204506 0.5450782533333334 0.054754178743961324 0.10871149333333335 1
6 0 0.5028405169082126 0.5636178213333334 0.061019927536231866 0.163278576 1
6 1 0.23417429146537844 0.5469539346666666 0.05973917230273754 0.10973538399999994 1
6 2 0.2992785688405797 0.5551123053333333 0.06384814734299515 0.12220044533333341 1
7 0 0.500921980273752 0.5648458693333334 0.06030623268921098 0.1627147946666666 1
7 1 0.21573805515297906 0.5563041906666667 0.06627082850241545 0.12018161866666671 1
7 2 0.27857947101449276 0.5677803786666666 0.075895499194847 0.1394651093333334 1
8 0 0.4990157053140097 0.565991836 0.05959704508856689 0.16230138400000005 1
8 1 0.19382225120772945 0.5674653693333334 0.0744809420289855 0.13281646666666658 1
8 2 0.25184355314009665 0.5842819826666668 0.09249958776167472 0.16233175733333327 1
9 0 0.4969481863929146 0.5643194826666666 0.058869442028985475 0.16156322133333328 1
9 1 0.16469655515297907 0.572859396 0.0856967737520129 0.14769310666666668 1
9 2 0.2152815024154589 0.60058116 0.1166468260869565 0.19191937599999997 1
10 0 0.49489369484702095 0.5625851813333334 0.05814641223832534 0.16097737066666667 1
10 1 0.1285397761674718 0.58318678 0.10193585185185186 0.16640906933333333 1
10 2 0.16398338365539453 0.6239406533333334 0.15386352737520126 0.23462015466666664 1
11 0 0.4925564158615137 0.5607343253333333 0.0574407576489534 0.16052416000000003 1
11 1 0.08266251046698872 0.5964540786666667 0.12410479710144927 0.19053800266666676 1
11 2 0.095989769726248 0.660351076 0.191979539452496 0.301560936 1
12 0 0.49023028945249597 0.558892916 0.056738190821255974 0.16007415199999997 1
12 1 0.050195642512077296 0.613243972 0.10039128502415459 0.22105365599999993 1
12 2 0.05908641183574879 0.6879976573333333 0.11817282367149758 0.34798968266666663 1
13 0 0.48791523631239936 0.55706088 0.05603869967793884 0.15962731733333335 1
13 1 0.021000109903381643 0.6166472013333334 0.042000219806763286 0.22382442933333335 1
14 0 0.4856111787439613 0.5552381533333334 0.055342272141706894 0.15918362933333335 1
15 0 0.48331803945249596 0.5534246653333333 0.05464889371980686 0.15874305333333338 1
16 0 0.4814591618357488 0.5505783186666667 0.054294006441223785 0.15840693066666672 1
17 0 0.4796069698067633 0.5477429066666666 0.05394132447665051 0.15807220266666666 1
18 0 0.4783266586151369 0.5487754386666667 0.05326208695652174 0.1577617466666667 1
19 0 0.47705068719806765 0.5498040506666666 0.05258337600644131 0.1574512 1
20 0 0.47577903542673106 0.55082876 0.05190521256038644 0.15714056000000004 1
21 0 0.4759760648148148 0.5510858533333334 0.05134108937198062 0.15683500799999994 1
22 0 0.4761722185990339 0.5513419133333333 0.05077702012882451 0.15652969333333328 1
23 0 0.47636750322061194 0.5515969466666667 0.05021301771336556 0.15622462400000003 1
24 0 0.4765619263285024 0.5518509546666667 0.049649099033816424 0.1559198026666666 1
25 0 0.4772077701288245 0.5493636986666667 0.04935354025764893 0.15555808000000004 1
26 0 0.47785105998389693 0.5468867506666667 0.049058564412238215 0.15519918133333332 1
27 0 0.4784918111916264 0.5444200533333333 0.048764168276972664 0.1548430826666667 1
28 0 0.4791300382447665 0.5419635466666667 0.048470348631239946 0.15448975466666665 1
29 0 0.48024186996779383 0.54071544 0.04803829388083741 0.15410145600000003 1
30 0 0.4812268586956522 0.539472952 0.04785074798711758 0.15371566399999997 1
31 0 0.48287661996779385 0.5382594626666667 0.04774636392914644 0.15333253599999996 1
32 0 0.4828585161030595 0.5422564186666667 0.04760978582930758 0.15282757333333336 1
33 0 0.48354795853462157 0.5462514533333334 0.04746879307568441 0.1523189226666667 1
34 0 0.48421884621578104 0.5457370013333334 0.04732447665056366 0.15179126133333326 1
35 0 0.48488543035426723 0.5452255693333333 0.04717798470209339 0.15126658399999998 1
36 0 0.48582087882447667 0.5438312773333334 0.047012814009661785 0.15078198399999998 1
37 0 0.48674993679549117 0.54244612 0.04684478985507251 0.15029828799999995 1
38 0 0.48767264049919484 0.54107002 0.04667395410628028 0.1498155066666667 1
39 0 0.4879372028985507 0.5416467586666667 0.046478663446054724 0.14918383200000002 1
40 0 0.48819954307568436 0.5422186973333333 0.04628500724637674 0.1485573306666667 1
41 0 0.4884596884057971 0.5427858933333334 0.046092962962963 0.147935936 1
42 0 0.48871766666666666 0.5433484053333333 0.04590251046698868 0.14731958933333333 1
43 0 0.48897350442834137 0.543906292 0.045713630434782604 0.1467082213333334 1
44 0 0.4886102793880837 0.544712368 0.045521991948470286 0.1460856906666667 1
45 0 0.4882501050724638 0.5455116746666666 0.0453318687600644 0.14546825066666658 1
46 0 0.4878929444444444 0.5463042986666666 0.045143241545893664 0.1448558453333334 1
47 0 0.4880243248792271 0.547080684 0.04494297181964574 0.14420831733333328 1
48 0 0.48727201046698865 0.5450619919999999 0.04478293236714975 0.1436786453333333 1
49 0 0.4871632210144927 0.546800776 0.04461233252818042 0.14312844266666674 1
50 0 0.4870552544283414 0.548526308 0.044442975845410626 0.14258214666666674 1
51 0 0.48694810144927536 0.55023874 0.04427485024154598 0.1420397146666667 1
52 0 0.48594830676328504 0.5479335186666666 0.044138932367149775 0.14158807733333334 1
53 0 0.48495469766505633 0.545642584 0.04400366908212561 0.14113958399999998 1
54 0 0.48396721779388086 0.543365808 0.04386905555555548 0.14069420266666666 1
55 0 0.4829858103864735 0.5411030573333333 0.04373508776167473 0.14025190133333337 1
56 0 0.4816499158615136 0.53854972 0.04362758534621575 0.13989799466666664 1
57 0 0.48032063123993557 0.5360090186666666 0.04352058937198067 0.13954590399999994 1
58 0 0.4797707765700483 0.54294228 0.04339788647342996 0.13916589866666662 1
59 0 0.4794093764090177 0.5512275826666667 0.04327560466988739 0.138841928 1
60 0 0.4790500112721417 0.5589684693333333 0.043154004830917914 0.13951508266666668 1
61 0 0.47784335829307567 0.5543591733333333 0.04303130917874398 0.13852527466666664 1
62 0 0.4767903071658615 0.532112908 0.042903938003220676 0.13755097866666666 1
62 3 0.4318971388888889 0.4788893066666666 0.01386346135265698 0.03572215466666667 1
63 0 0.47610284742351044 0.5289165106666667 0.0427748027375201 0.13712853600000002 1
63 3 0.4295885696457327 0.47122976666666666 0.014444139291465374 0.037217288000000015 1
64 0 0.4754195261674718 0.5257393586666667 0.04264643236714971 0.13670872800000006 1
64 3 0.42713334541062803 0.48137254799999996 0.015083578099839068 0.03885683999999995 1
65 0 0.4753858192431562 0.5357150786666667 0.0425389090177134 0.13638448800000003 1
65 3 0.4251308731884058 0.4983635306666667 0.015756037842190096 0.04065398400000003 1
66 0 0.4753522809983897 0.5456406306666666 0.04243192431561993 0.13606162933333332 1
66 3 0.4226795120772947 0.5071174506666667 0.016638098228663356 0.04283669333333329 1
66 4 0.4542651364734299 0.49865142133333334 0.013534475845410676 0.03583029333333332 1
67 0 0.474400864331723 0.5445834906666667 0.042344548309178776 0.13577709333333332 1
67 3 0.4198582403381642 0.5060412013333333 0.01772475925925926 0.04484728800000004 1
67 4 0.4530872862318841 0.4961956706666667 0.014221632045088584 0.037484978666666724 1
68 0 0.47484136312399355 0.5391458053333333 0.04221236553945251 0.13534265599999995 1
68 3 0.41674813285024154 0.5048579280000001 0.01893917069243156 0.04705699733333335 1
68 4 0.45179744806763283 0.4935019546666667 0.014979615942028901 0.039299984000000066 1
69 0 0.4752791260064412 0.5337418893333333 0.0420810120772947 0.13491106399999997 1
69 3 0.41330239774557165 0.5034693266666667 0.020304834138486383 0.04965996 1
69 4 0.45037884098228664 0.49053393066666673 0.0158198896940418 0.04129979200000006 1
69 26 0.30560535104669884 0.513070048 0.015746727858293064 0.08526044266666655 2
70 0 0.47571417834138485 0.5283714293333333 0.041950479066022506 0.13448229333333328 1
70 3 0.40946354508856686 0.5019178053333333 0.021851293075684397 0.05256829866666679 1
70 4 0.44881115297906604 0.4872474453333333 0.016756512077294727 0.04351414399999998 1
70 26 0.29681060587761676 0.5129888346666667 0.016995348631239915 0.08958037333333335 2
71 0 0.4755870982286635 0.5304143093333333 0.04183312238325282 0.13410553599999991 1
71 3 0.4051291823671498 0.5022258866666667 0.023754319645732658 0.05583439733333334 1
71 4 0.44737818760064413 0.4897071426666667 0.017665874396135317 0.04592423733333334 1
71 26 0.28709993357487923 0.512899036 0.018422865539452493 0.09436146400000006 2
72 0 0.4754607165861514 0.5324458666666667 0.041716215780998434 0.13373024533333333 1
72 3 0.40021548913043475 0.5100071786666667 0.024925746376811553 0.059558586666666635 1
72 4 0.44578097020933977 0.492455212 0.018689310789049896 0.048617229333333345 1
72 26 0.27625457930756847 0.5195769773333334 0.02013800724637682 0.10003058933333336 2
73 0 0.4753350281803542 0.5344661986666667 0.041599755233494407 0.1333564133333333 1
73 3 0.39491746014492757 0.5146646466666667 0.027289033011272112 0.06390298933333333 1
73 4 0.4439895092592593 0.4955455173333333 0.019849527375201292 0.05164603200000001 1
73 26 0.2640619895330113 0.5271077613333333 0.02214685185185189 0.10642432266666668 2
74 0 0.4756896791465378 0.531709184 0.041482229468599086 0.13297235200000007 1
74 3 0.3888376779388084 0.5199660706666667 0.030064106280193237 0.06904289333333335 1
74 4 0.44196602818035424 0.4990462373333333 0.021175624798711767 0.05507764266666659 1
74 26 0.2502542298711755 0.5356659053333334 0.024524791465378448 0.11369106933333334 2
75 0 0.4760581566022544 0.5340533533333334 0.04136643558776154 0.13260144266666668 1
75 3 0.38178895571658616 0.5261225826666667 0.033365608695652194 0.07507203466666668 1
75 4 0.4396622608695653 0.5030449426666667 0.022705504025764933 0.058998136000000034 1
75 26 0.23366093880837363 0.54243528 0.027391207729468597 0.12183647999999997 2
76 0 0.47621072665056363 0.5300482346666666 0.04126383655394528 0.1322681493333333 1
76 3 0.37210732367149757 0.5308603093333333 0.0369538679549114 0.08212565866666666 1
76 4 0.4362373429951691 0.5057738453333332 0.024883842190016048 0.06360567466666661 1
76 26 0.21459271256038648 0.5501404333333333 0.030866159420289835 0.13145582666666666 2
77 0 0.4763734814814814 0.5295803946666666 0.04116250080515299 0.13194356266666668 1
77 3 0.36054650764895335 0.536547852 0.0414484468599034 0.09064137866666666 1
77 4 0.43224995450885667 0.508964952 0.027465319645732622 0.0689934399999999 1
77 26 0.19245027455716585 0.5591110506666667 0.035143892109500835 0.14272868266666672 2
78 0 0.47657683293075687 0.542419824 0.041064595008051485 0.13164907200000003 1
78 3 0.34735866425120776 0.5565747839999999 0.04748397584541064 0.10272104533333337 1
78 4 0.42815447544283414 0.525814264 0.030541825281803547 0.07598572800000003 1
78 26 0.16602313043478262 0.5823403519999999 0.04059689694041868 0.15745252799999998 2
79 0 0.47710900724637684 0.5541759333333334 0.04096210950080509 0.13224952533333334 1
79 3 0.3310099577294686 0.5814272986666666 0.05538375281803548 0.11832462933333332 1
79 4 0.42326738446054746 0.5455353013333333 0.034284345410628025 0.08536421866666666 1
79 26 0.13441307769726246 0.6101732826666666 0.047606131239935595 0.17549066666666657 2
80 0 0.4775978389694042 0.5533159306666666 0.04085717552334939 0.13182341333333325 1
80 3 0.31084946014492754 0.5927121573333334 0.06619851771336549 0.1356660586666666 1
80 4 0.41675357930756846 0.5495726826666667 0.03887696215781 0.09482366400000009 1
80 26 0.09540301851851851 0.625763344 0.05697851046698872 0.19633649600000003 2
81 0 0.4780819524959742 0.5517916386666666 0.0407525587761674 0.13131461599999994 1
81 3 0.2843949464573269 0.6076791720000001 0.08142753542673109 0.1589244666666666 1
81 4 0.4086675881642512 0.5546378080000001 0.04475934863123987 0.10664281600000003 1
81 26 0.04672629347826087 0.6453449106666667 0.06979708132045088 0.22277614666666679 2
82 0 0.47826669726247983 0.547287832 0.04068869887278581 0.13055231466666667 1
82 3 0.24811811755233493 0.6284908933333333 0.10418522544283412 0.19172745600000007 1
82 4 0.3983589275362319 0.5611794906666667 0.05254538003220616 0.12183194666666675 1
82 23 0.6505860466988728 0.48482611200000003 0.029641576489533028 0.05800485333333333 8
82 26 0.014189709742351047 0.64755908 0.028379419484702094 0.232584048 2
83 0 0.4784572846215781 0.5446262973333333 0.040625456521739156 0.13025505866666665 1
83 3 0.19487258132045088 0.6588441973333333 0.13979451529790657 0.2404137386666667 1
83 4 0.38459013808373593 0.5703808306666667 0.06240749516908217 0.14186297333333336 1
83 23 0.6540780052334945 0.480758676 0.030580063607085317 0.05933989599999995 8
84 0 0.47864042069243157 0.5397298906666667 0.04056189130434784 0.13004544 1
84 3 0.11053119001610305 0.7082669373333332 0.20497133011272142 0.32171267466666664 1
84 4 0.3656893385668277 0.583271796 0.07686032930756842 0.1697952186666667 1
84 23 0.6577286614331723 0.47649998133333327 0.03157388003220618 0.060737808000000004 8
84 24 0.6894626006441223 0.4686437826666667 0.04540041384863125 0.08626115999999995 7
85 0 0.4788212536231884 0.5305588253333333 0.04053170048309179 0.12993508000000004 1
85 3 0.06516206602254428 0.7612048906666666 0.13032413204508855 0.3995675253333334 1
85 4 0.33808213929146536 0.6026211266666667 0.09979996940418684 0.21146518666666675 1
85 23 0.6615491026570048 0.472036216 0.03262778502415464 0.06220314133333332 8
85 24 0.6952056252012881 0.4655351613333333 0.04731092028985506 0.08881101066666658 7
86 0 0.4790386880032206 0.5332011893333334 0.04050410064412241 0.12985337066666675 1
86 4 0.295840461352657 0.6452392173333333 0.1388341610305958 0.2810239493333333 1
86 23 0.6654522258454106 0.47376777066666664 0.033739477455716704 0.06373825599999994 8
86 24 0.7012950724637681 0.46513407733333334 0.04937109500805148 0.09151855466666664 7
87 0 0.47925734339774556 0.5363251813333333 0.04047660466988734 0.12977323200000002 1
87 4 0.21867843035426732 0.7256676866666667 0.22117118599033814 0.41706271733333333 1
87 23 0.6695460301932368 0.4755870173333333 0.034921772141706886 0.06535107466666673 8
87 24 0.7077501485507246 0.464707796 0.051595770531400964 0.09439638133333333 7
88 0 0.4794733333333333 0.5386871266666667 0.04044894202898558 0.12969152266666667 1
88 4 0.1317950120772947 0.7685455693333333 0.2635900241545894 0.457575528 1
88 22 0.6444138252818036 0.48018374933333335 0.025318373590982324 0.05021738133333342 8
88 23 0.6739112661030596 0.47414879066666665 0.036185385668277004 0.06704655199999998 8
88 24 0.7146049174718196 0.464253864 0.05400408937198076 0.09746107200000004 7
89 0 0.4793906376811594 0.5380586133333334 0.04042111755233496 0.12960340800000003 1
89 4 0.058630693639291465 0.7873727573333333 0.11726138727858293 0.4199211519999999 1
89 22 0.6476261859903382 0.47782760133333335 0.026108801932367198 0.05134673333333334 8
89 23 0.6785002830112721 0.47263398133333334 0.03753384621578093 0.068832336 8
89 24 0.7218978268921095 0.46376949866666667 0.05661814331723025 0.10073144 7
90 0 0.47930805676328503 0.5374309626666667 0.04039332125603867 0.12951535466666675 1
90 22 0.6509816980676328 0.47536312133333336 0.026944764895330153 0.05252801333333329 8
90 23 0.6833307809983897 0.471036308 0.03897546537842189 0.07071583733333331 8
90 24 0.729672437600644 0.4632515346666667 0.05946355314009655 0.10422890400000001 7
91 0 0.47912477697262484 0.535547784 0.040384753623188385 0.12948621866666665 1
91 22 0.6544901626409018 0.472782664 0.02783009339774556 0.05376489066666662 8
91 23 0.6884223788244765 0.46934877866666663 0.040519627214170684 0.07270530666666664 8
91 24 0.7385663446054751 0.460622348 0.06279570531400969 0.10825004533333332 7
92 0 0.47894157608695653 0.5336654133333334 0.0403761876006441 0.12945691733333337 1
92 22 0.6581622954911434 0.47007784266666663 0.028769043478260814 0.055061381333333326 8
92 23 0.6937968868760065 0.46756359599999997 0.04217697181964575 0.07480994400000002 8
92 24 0.747095157004831 0.457842828 0.06618274235104671 0.112331352 7
93 0 0.4787584549114332 0.5317838533333333 0.040367623188405755 0.129427456 1
93 22 0.6620098409822867 0.467239444 0.029766356682769723 0.05642190133333336 8
93 23 0.699714615136876 0.467777104 0.04404026570048314 0.0771424266666666 8
93 24 0.7562572773752012 0.454845484 0.06990619243156193 0.11673241866666667 7
94 0 0.4782384653784219 0.5343948213333334 0.04042881481481486 0.12962564266666665 1
94 22 0.6657984190821256 0.46690996 0.03078481723027371 0.05780570666666662 8
94 23 0.7059974098228663 0.46800432933333336 0.04605590177133656 0.07962504800000009 8
94 24 0.7661263361513688 0.4516036666666666 0.07401502657004844 0.12149236266666658 7
95 0 0.47771690740740735 0.5370136706666666 0.040490123993558724 0.12982419466666661 1
95 22 0.6699032512077294 0.46843785466666665 0.03189962962962967 0.05928419466666668 8
95 23 0.7126802282608695 0.4682466413333334 0.048242079710144936 0.08227278133333332 8
95 24 0.7767878961352657 0.44808619466666666 0.0785677359098228 0.12665693866666672 7
96 0 0.4769905628019324 0.5364674893333333 0.04055122383252824 0.13001545866666658 1
96 22 0.6742161876006441 0.470046004 0.03308808856682777 0.060840354666666596 8
96 23 0.719802650563607 0.4685055893333333 0.05061988405797102 0.08510266666666672 8
96 24 0.7884676348631241 0.4437262106666667 0.08365862077294695 0.13228647466666665 7
97 0 0.4762620358293076 0.5359196586666667 0.04061242109500801 0.13020734400000006 1
97 22 0.6790707330917874 0.46505479866666666 0.03445059500805159 0.06260749066666671 8
97 23 0.7271055720611916 0.46360035200000005 0.05326597181964576 0.08811049599999993 8
97 24 0.8011697805958131 0.43896051199999997 0.08935364492753617 0.13843963733333337 7
98 0 0.47550849436392917 0.535605036 0.04069123188405804 0.13045641333333335 1
98 21 0.6642558764090178 0.47380338266666666 0.027165301932367103 0.04425059999999997 1
98 22 0.6842048711755233 0.4597652573333333 0.035915871175523306 0.0644801946666666 8
98 23 0.7349184537037037 0.4583361346666667 0.05615424074074071 0.0913377946666667 8
98 24 0.8150356920289856 0.43372970533333327 0.09575811191626415 0.14519305333333332 7
99 0 0.4747369086151369 0.530413464 0.040769187600644186 0.13069406933333333 1
99 21 0.6682666706924315 0.46808367866666667 0.02815254267310796 0.04543407733333327 1
99 22 0.6887760700483092 0.45870905866666667 0.037358499194846906 0.06636122666666666 8
99 23 0.7435326260064412 0.456553948 0.05938777536231887 0.0948766906666666 8
99 24 0.8302342403381642 0.4279622066666667 0.10300197342995177 0.15263905333333339 7
100 0 0.47398602777777776 0.5328417626666666 0.04084903784219002 0.1309521973333333 1
100 21 0.6728470531400966 0.4721481986666667 0.029233818035426795 0.04669529866666666 1
100 22 0.693611633252818 0.45758939066666665 0.0389086819645732 0.06835528800000001 8
100 23 0.7528074130434783 0.45462820000000004 0.06294903864734314 0.09870063466666662 8
100 24 0.8481662846215781 0.42722163066666663 0.11175659339774568 0.1613434213333333 7
101 0 0.47379211755233497 0.540336488 0.040976193236714975 0.1313715093333334 1
101 21 0.6776798953301126 0.476444012 0.030392726247987167 0.04802857866666671 1
101 22 0.6996683715780998 0.4615794533333334 0.040671606280193284 0.07047537600000003 8
101 23 0.7633471328502416 0.45790053333333336 0.06647427536231887 0.10281778666666663 8
101 24 0.8681185849436392 0.426391772 0.12187007809983885 0.1711006533333333 7
102 0 0.47357849235104665 0.5418992026666667 0.04110277858293071 0.13177833066666672 1
102 21 0.6827866908212561 0.4809914413333334 0.0316374396135265 0.04944026933333334 1
102 22 0.7060974641706924 0.4658251626666666 0.04257910386473429 0.07273135466666675 8
102 23 0.7747549750402576 0.46145665199999997 0.07041083896940414 0.10729018399999996 8
102 24 0.8904565929951691 0.42545544533333335 0.13365472866344608 0.18211407466666668 7
103 0 0.47335393760064415 0.5403669 0.041229417874396046 0.13218014133333333 1
103 5 0.4386394859098228 0.501087892 0.014154227858293067 0.04120513333333342 1
103 21 0.6882910861513687 0.47894020933333337 0.03298353462157799 0.050926962666666686 1
103 22 0.71404996215781 0.464982268 0.044878304347826026 0.07536069066666662 8
103 23 0.7873115680354268 0.4608585333333334 0.07564001368760065 0.11222924266666673 8
103 24 0.9156405458937199 0.4243907613333333 0.1475205056360709 0.19464296799999992 7
104 0 0.4731242004830918 0.5375984333333333 0.04135652818035418 0.13258169866666664 1
104 5 0.43685658212560385 0.500053548 0.014846681159420283 0.042970856 1
104 21 0.6946912133655394 0.4788602333333334 0.03445301932367151 0.05253387999999998 1
104 22 0.7225732214170693 0.46407614533333336 0.04740210466988737 0.07818725599999998 8
104 23 0.801013037037037 0.46020349066666666 0.0815004347826086 0.11764485866666657 8
104 24 0.9308858578904993 0.4240865933333333 0.13661797826086952 0.20799688266666666 7
105 0 0.47289445531400964 0.5352703266666666 0.04148448711755237 0.13298703199999995 1
105 5 0.43491695491143323 0.4989265493333333 0.015606942028985549 0.04489475199999993 1
105 21 0.7014937383252817 0.47877505333333337 0.03604766666666659 0.05424550933333344 1
105 22 0.7313276030595812 0.46310069066666665 0.05005411111111113 0.0810913333333333 8
105 23 0.816024305958132 0.45948299466666664 0.08810553784219 0.12360950933333331 8
105 24 0.9425002665056361 0.424121864 0.11338916103059582 0.22186678933333337 7
106 0 0.4736283417874396 0.53534974 0.04161794605475039 0.13341434400000002 1
106 5 0.4328984335748792 0.49946080000000004 0.016468814009661825 0.047062357333333305 1
106 21 0.7087379142512077 0.4786841453333333 0.03778294283413852 0.05607241866666668 1
106 22 0.7407264384057971 0.4620499813333333 0.0529732874396136 0.08421945066666664 8
106 23 0.8325437596618358 0.458686716 0.0955963148148149 0.13021114933333333 8
106 24 0.9556283031400965 0.427824392 0.08713308776167483 0.221579072 7
107 0 0.4743669903381642 0.535429656 0.04175232206119167 0.13384441599999997 1
107 5 0.4306791497584541 0.5000492453333334 0.01742605797101454 0.049449914666666595 1
107 21 0.7164682773752014 0.47858691066666664 0.03967684460547505 0.058026674666666556 1
107 22 0.7509130716586152 0.4613510226666666 0.05624440257648955 0.08759731999999998 8
107 23 0.8511611682769726 0.45867253333333335 0.1037115040257649 0.13757106133333324 8
107 24 0.9705864806763285 0.43151440800000007 0.057216732689211014 0.22131362133333338 7
108 0 0.4751104476650564 0.5355100826666667 0.04188762157809983 0.13427727466666667 1
108 5 0.42822756280193236 0.5007005706666667 0.01849523510466977 0.05209268266666667 1
108 21 0.724735578099839 0.47848266666666667 0.041750418679549095 0.060122064000000086 1
108 22 0.7619096376811594 0.46059369733333333 0.05987205475040258 0.0912574693333334 8
108 23 0.8718632894524959 0.4586563186666667 0.11309787359098222 0.14581257866666664 8
108 24 0.9877861759259259 0.4351930346666667 0.022817342190016077 0.22107024533333336 7
109 0 0.47585876086956524 0.5355910213333333 0.0420238566827697 0.134712944 1
109 5 0.42550515579710146 0.501425424 0.019696933172302755 0.055033898666666636 1
109 21 0.7334936260064412 0.47775268266666665 0.043990654589372014 0.06233311466666669 1
109 22 0.7738171292270531 0.45977038 0.06391288164251208 0.095236824 8
109 23 0.8950243405797103 0.45863761599999997 0.12404852495974239 0.15510420799999997 8
110 0 0.4766119770531401 0.53567248 0.04216103623188405 0.135151456 1
110 5 0.4224643904991948 0.5022370039999999 0.02105705636070848 0.05832713866666672 1
110 21 0.7428934879227053 0.47696694933333333 0.0464566618357487 0.06471305066666677 1
110 22 0.7867541268115942 0.458872048 0.06843551288244765 0.09957904533333328 8
110 23 0.921114708937198 0.458615824 0.13694822302737508 0.16566030400000004 8
111 0 0.4769057971014492 0.5375541506666667 0.04229065056360709 0.135568696 1
111 5 0.41901894122383254 0.5066340213333334 0.02251122866344607 0.06200995733333331 1
111 21 0.7530085821256038 0.476118828 0.049181455716586164 0.06728197599999997 1
111 22 0.8008608289049919 0.457887964 0.07352380595813202 0.10433614133333341 8
111 23 0.9368868981481482 0.45908479599999996 0.12461589774557158 0.17676851466666665 8
112 0 0.47720143438003215 0.53944744 0.04242107487922703 0.13598842133333333 1
112 5 0.41512139090177136 0.5116235933333333 0.0241856352657005 0.06618950133333329 1
112 6 0.4419442524154589 0.4921359626666666 0.014704063607085316 0.03755493866666665 1
112 21 0.7639732314814814 0.479760176 0.05221609420289863 0.07007846400000001 1
112 22 0.815859612721417 0.46143175866666664 0.07914785829307558 0.10946900533333331 8
112 23 0.9492191437198068 0.45992140133333337 0.09995140660225443 0.18694373599999997 8
113 0 0.47749890539452494 0.5413524586666667 0.042552318035426695 0.1364106613333334 1
113 5 0.41067638486312397 0.5173025613333333 0.0261332576489533 0.07103671733333328 1
113 6 0.4405166674718196 0.4975502066666667 0.015420714975845407 0.03914160800000005 1
113 21 0.7758445422705313 0.4837167853333333 0.05559895410628024 0.07311716533333329 1
113 22 0.8323213417874396 0.46534252400000004 0.08553375603864721 0.11513355999999997 8
113 23 0.9631853574879227 0.4616783013333333 0.07201897906602261 0.18634651200000002 8
114 0 0.4777982270531401 0.5432693106666666 0.04268438647342998 0.1368354373333333 1
114 5 0.40519045652173913 0.520574724 0.02848186956521742 0.07668277066666668 1
114 6 0.4391199480676329 0.496261596 0.016196074879227085 0.04086374133333337 1
114 21 0.7886697834138486 0.48758061733333335 0.05936701127214161 0.07641250933333327 1
114 22 0.8504723953301128 0.4696803706666667 0.09283266183574879 0.12141692266666665 8
114 23 0.9789715676328503 0.45917852533333336 0.04044655877616743 0.1858476586666667 8
115 0 0.4779520048309178 0.536767728 0.04283658293075682 0.1373141813333334 1
115 5 0.3990066400966184 0.5195728533333334 0.031200866344605505 0.08293898133333344 1
115 6 0.437597423510467 0.49485430666666663 0.01704836070853466 0.04274449066666669 1
115 21 0.8025938973429952 0.48062399733333333 0.06359722141706925 0.07999850666666675 1
115 22 0.8707568115942028 0.46248672933333335 0.10104857487922703 0.12855938933333327 8
115 23 0.9971676803542673 0.45669346133333333 0.004054333333333382 0.18531563733333334 8
116 0 0.4781068864734299 0.530219548 0.04298987117552333 0.1377966533333333 1
116 5 0.39174186996779387 0.5183293706666667 0.0344895193236715 0.09044874133333336 1
116 6 0.43603683695652173 0.489789028 0.01798228260869561 0.04480472266666674 1
116 21 0.817488173510467 0.4753115453333333 0.0681866207729469 0.08388544266666664 1
116 22 0.8934113176328502 0.4543934653333333 0.11063514090177129 0.1365978693333333 8
117 0 0.47831464090177134 0.5305201173333334 0.04300879710144928 0.13785693866666665 1
117 5 0.3832394484702093 0.5296577866666667 0.03854319323671501 0.09950915200000005 1
117 6 0.43394695933977456 0.496403672 0.01904496215780993 0.047081301333333325 1
117 21 0.8338275152979067 0.469455348 0.0734074347826087 0.08817095200000002 1
117 22 0.9188809702093397 0.44522058666666664 0.12192721900161041 0.14571224533333327 8
118 0 0.478770768115942 0.5360533146666667 0.043141541062801936 0.1382879253333334 1
118 5 0.3729224198872786 0.5431297626666667 0.043651411433172305 0.11134120000000003 1
118 6 0.43163935708534623 0.5037258266666667 0.0202327125603865 0.04960124266666671 1
118 21 0.8523409838969405 0.47436870266666664 0.07960947504025773 0.093125656 1
118 22 0.9393612673107891 0.4473280986666667 0.11966715942028983 0.15545035733333346 8
119 0 0.4792297242351047 0.5416207946666667 0.04327512640901765 0.13872131733333326 1
119 5 0.35926517190016105 0.5599203853333333 0.05041581884057972 0.12661558133333334 1
119 6 0.4291525801127214 0.512473856 0.021526580515297877 0.05278901866666674 1
119 21 0.8737050092592592 0.4930764613333334 0.08691956763285025 0.09868736000000006 1
119 22 0.9513600523349437 0.45923659466666666 0.09566958937198056 0.16522912533333334 8
120 0 0.47969153542673115 0.547222876 0.04340956360708531 0.1391571333333334 1
120 5 0.3410710724637681 0.571322644 0.05963493075684384 0.14520954933333335 1
120 6 0.425667440821256 0.5157389773333334 0.023047643317230304 0.056072370666666704 1
120 21 0.8949730925925927 0.49930734 0.09456964895330111 0.10433096799999991 1
120 22 0.964860438405797 0.47291653600000005 0.06866881723027385 0.16471974399999995 8
121 0 0.47980556159420296 0.546700376 0.04353356119162638 0.13955281600000008 1
121 5 0.31789168438003224 0.5692882573333333 0.07230959581320445 0.16684137333333332 1
121 6 0.4222366163446055 0.5030756559999999 0.02474647584541062 0.059028111999999966 1
121 21 0.9194011034621578 0.4935406493333333 0.10396888164251217 0.11108679733333338 1
121 22 0.9798137777777778 0.4718708546666667 0.03876213848631238 0.16415216800000004 8
122 0 0.47992024355877616 0.546174872 0.04365827133655387 0.1399507946666667 1
122 5 0.2861899190821256 0.584250692 0.09115392673107889 0.19950054666666667 1
122 6 0.41730546779388084 0.49977381333333337 0.026801481481481426 0.06301856 1
122 21 0.9443186038647343 0.4870554733333334 0.10975248631239931 0.11861783200000009 1
122 22 0.9969330982286635 0.47083031200000003 0.004523497584540959 0.16354374933333338 8
123 0 0.48003558776167476 0.5456463386666667 0.043783698872785826 0.14035108800000007 1
123 5 0.2406871103059581 0.6178546306666667 0.12125959903381639 0.2504204080000001 1
123 6 0.41170629871175524 0.5040298333333334 0.029205750402576558 0.0675939066666667 1
123 7 0.5174423216586151 0.4714389373333333 0.013087562801932462 0.038630221333333326 1
123 21 0.95653421215781 0.4796390586666667 0.08532126972624787 0.12586616533333334 1
124 0 0.48015159943639296 0.5451147493333334 0.04390985104669887 0.14075371199999998 1
124 5 0.16836542471819643 0.672499408 0.17591215056360707 0.33565159466666683 1
124 6 0.4064779851046699 0.50999684 0.03200413285024156 0.0729721920000001 1
124 7 0.5180784537037038 0.4757008266666667 0.01338669323671493 0.03944915199999999 1
124 21 0.9703392677133655 0.47118694000000005 0.05771115861513687 0.12585090933333337 1
125 0 0.4802682842190016 0.5445800786666667 0.04403673268921099 0.14115869600000003 1
125 5 0.0915441272141707 0.7607861906666666 0.1830882544283414 0.4730942853333333 1
125 6 0.40003264814814815 0.521328848 0.03533195169082126 0.07921385599999997 1
125 7 0.5187416260064412 0.4801471706666667 0.013699764090177258 0.040303541333333304 1
125 21 0.986046093800322 0.4725622253333333 0.02629750644122386 0.12583252533333333 1
126 0 0.48038564855072463 0.5440422986666666 0.0441643518518518 0.14156605333333333 1
126 6 0.3924504267310789 0.5342280946666667 0.03937325603864733 0.08764765066666674 1
126 7 0.5194336014492753 0.484790208 0.014027763285024197 0.041195749333333365 1
127 0 0.4805036980676328 0.5435013813333334 0.044292714975845415 0.14197580800000004 1
127 6 0.38192397906602255 0.5429788213333333 0.04461676650563606 0.097221216 1
127 7 0.5201562987117552 0.4896432866666667 0.014371776167471872 0.042128338666666654 1
128 0 0.4806224384057971 0.5429573 0.044421826892109495 0.1423879813333333 1
128 6 0.36911300080515297 0.553670168 0.05130709500805153 0.10911110933333329 1
128 7 0.5209118119967794 0.49472098800000003 0.014732994363929164 0.04310411466666675 1
129 0 0.48055748590982283 0.5426609573333333 0.044568266505635945 0.14285630933333326 1
129 6 0.3541988578904992 0.5618825853333334 0.05986508454106282 0.12327711200000002 1
129 7 0.5215263361513687 0.494694172 0.015114590177133569 0.044139677333333294 1
130 0 0.48049210507246376 0.5423626453333333 0.044715665861513765 0.1433277546666667 1
130 6 0.3351768925120773 0.5724763373333334 0.07146240499194845 0.14165641333333334 1
130 7 0.5221705696457326 0.49466603866666664 0.01551606360708535 0.045226221333333316 1
131 0 0.48042629186795494 0.54206234 0.04486403623188401 0.1438023493333333 1
131 6 0.31005919162640905 0.586665928 0.08792357487922703 0.16644985599999995 1
131 7 0.5228467218196458 0.49463649200000004 0.01593900241545898 0.046367602666666674 1
132 0 0.4803600418679549 0.5417600253333333 0.04501338486312395 0.1442801253333334 1
132 6 0.274791402979066 0.6153861466666667 0.11326862238325286 0.2045678453333335 1
132 7 0.5235572270531401 0.49460541866666663 0.01638516103059584 0.04756808533333329 1
132 19 0.6667587000805153 0.4649649973333333 0.025329649758454087 0.057355765333333364 1
132 20 0.6796763804347825 0.455324176 0.02084922624798702 0.08162119466666673 3
133 0 0.4802933506441224 0.54145568 0.04516372222222226 0.14476110933333336 1
133 6 0.2254576384863124 0.6580095173333333 0.15277356843800324 0.2614015253333334 1
133 7 0.5243047737520129 0.4945727 0.01685649436392911 0.048832375999999955 1
133 19 0.6711782608695651 0.46785890399999996 0.026217285024154546 0.05880664000000002 1
133 20 0.6854669098228663 0.4573824253333333 0.02157962640901767 0.08391690933333334 3
134 0 0.4800554436392915 0.5446550480000001 0.04528928180354275 0.14516586666666675 1
134 6 0.14615659943639292 0.7278136133333333 0.22540924396135265 0.3597391946666667 1
134 7 0.5249797326892109 0.49978605733333337 0.017313710144927552 0.05013494133333335 1
134 18 0.6607545644122383 0.47931536666666663 0.02523632206119164 0.04358177333333341 1
134 19 0.6758212604669886 0.47090307866666664 0.02716333574879226 0.06033282933333328 1
134 20 0.6915877238325282 0.45955967733333336 0.02236058937198071 0.0863455093333334 3
135 0 0.47981620692431565 0.547872316 0.04541552173913044 0.14557271733333338 1
135 6 0.09446925402576489 0.7836666146666666 0.18893850805152979 0.4273334373333333 1
135 7 0.5256909468599034 0.5052849666666667 0.017797441223832533 0.051508743999999995 1
135 18 0.664705365942029 0.48320723199999993 0.026066757648953276 0.04461971199999998 1
135 19 0.6807050990338164 0.47410953866666666 0.028173423510467033 0.06194035733333336 1
135 20 0.6980679174718196 0.46186656133333337 0.02319737439613523 0.0889188720000001 3
136 0 0.4795756292270532 0.5511076373333333 0.04554245008051533 0.14598167466666667 1
136 6 0.030511967391304344 0.8038180826666667 0.06102393478260869 0.3870305013333333 1
136 7 0.5264414206924315 0.5109834493333334 0.018310045893719873 0.053179986666666734 1
136 18 0.6688436799516908 0.487289204 0.02694894766505629 0.045708237333333235 1
136 19 0.6858490334138486 0.4774916146666667 0.02925388647342997 0.06363589066666675 1
136 20 0.7049401034621579 0.46431500533333336 0.024095976650563622 0.09165034133333344 3
137 0 0.480189018115942 0.5474094706666667 0.04566992028985506 0.14638204 1
137 7 0.5279228518518518 0.5068589893333333 0.018897698872785806 0.05449022933333331 1
137 18 0.6735013896940418 0.4844303906666667 0.027908545893719827 0.04685221066666667 1
137 19 0.6912744339774557 0.481064144 0.030411893719806793 0.06542686933333342 1
137 20 0.7122409685990339 0.466918456 0.02506325925925934 0.09455494400000009 3
138 0 0.4808058892914654 0.5436903333333334 0.04579813768115937 0.14678561600000012 1
138 7 0.5294902729468599 0.502372192 0.019524959742351022 0.05611193600000003 1
138 18 0.6782211976650563 0.4818135413333334 0.028919965378421897 0.04805464000000004 1
138 19 0.6973313933172303 0.4758656253333333 0.03162719404186798 0.06728347999999995 1
138 20 0.719210285426731 0.46280350000000003 0.025980891304347886 0.09728665866666658 3
139 0 0.48142627254428344 0.5399500506666667 0.0459271086956522 0.14719243199999998 1
139 7 0.5311514033816425 0.4976099266666667 0.020195882447665015 0.05783332000000008 1
139 18 0.6831819110305958 0.4790589266666666 0.030000058776167515 0.04932045599999996 1
139 19 0.7037313035426731 0.47036364133333336 0.03293538808373597 0.06924887200000007 1
139 20 0.7265892922705314 0.4584430266666667 0.026965689210949995 0.10018113600000006 3
140 0 0.48205019766505636 0.5361884466666667 0.0460568413848631 0.14760253066666662 1
140 7 0.5331027975040258 0.49673722666666664 0.020928841384863173 0.05966585600000002 1
140 18 0.6887660531400966 0.47574856 0.031163565217391387 0.05068332266666653 1
140 19 0.7105315599838969 0.467366656 0.034349253623188414 0.07133304533333329 1
140 20 0.7344152206119163 0.4538143866666667 0.02802499355877608 0.10325336533333329 3
141 0 0.48267769484702094 0.5324053386666667 0.046187342995169134 0.1480159413333334 1
141 7 0.535178330515298 0.4958073866666667 0.021717150563607013 0.06161837866666664 1
141 18 0.6946570917874396 0.47225021066666667 0.03241421417069246 0.052123904 1
141 19 0.7177506803542673 0.4666205346666667 0.035879642512077425 0.07354679200000003 1
141 20 0.7427299504830918 0.44889206000000004 0.02916721819645729 0.10652024800000004 3
142 0 0.4839715853462158 0.5362027119999999 0.046306653784219054 0.14839021333333335 1
142 7 0.5375520555555555 0.498865472 0.0225798341384863 0.06370498133333341 1
142 16 0.6616630217391304 0.44695870933333337 0.015275236714975882 0.06423887999999994 3
142 18 0.7012719553140097 0.47424779733333333 0.033793292270531405 0.0536486186666667 1
142 19 0.7254171022544283 0.4658265853333333 0.03753911433172297 0.07590235999999995 1
142 20 0.7515807705314009 0.443647176 0.030402057971014473 0.11000087999999997 3
143 0 0.4852759182769726 0.54120494 0.04642710547504025 0.14876605599999987 1
143 7 0.5400871433172303 0.5021379133333334 0.023513293075684394 0.06593774666666669 1
143 16 0.6660523446054751 0.44940595066666666 0.01573970692431559 0.06570553333333329 3
143 18 0.7082721803542673 0.4763657826666667 0.035283529790660184 0.05526502666666666 1
143 19 0.7335254887278584 0.46742986666666664 0.039365967793880796 0.078419024 1
143 20 0.7611048111916265 0.4463440573333334 0.031801730273751994 0.1139272773333333 3
144 0 0.4865764061996779 0.5428746026666667 0.046547533816425124 0.14914089599999997 1
144 7 0.5420714363929147 0.5045259066666666 0.0244720869565217 0.06830294933333331 1
144 16 0.6706467628824477 0.45197732533333335 0.016231966988727753 0.0672580906666666 3
144 18 0.7156925116747181 0.4786153879999999 0.03689777536231886 0.05698165599999999 1
144 19 0.7421710966183575 0.46914310133333337 0.04135728824476648 0.08110824533333338 1
144 20 0.7713204899355877 0.44924037733333333 0.033328870370370356 0.11814420533333325 3
145 0 0.48788196054750405 0.5440266173333332 0.04666867149758447 0.14951700533333334 1
145 7 0.5441989553140096 0.5070915826666667 0.025511245571658514 0.07084411466666668 1
145 16 0.675460999194847 0.454673316 0.01675445571658618 0.06888568800000006 3
145 18 0.7227212310789051 0.48087815599999995 0.03857071014492741 0.058732274666666695 1
145 19 0.7514092435587763 0.47097800133333334 0.043534577294685906 0.08398839733333335 1
145 20 0.7823060144927536 0.4523591066666667 0.0350009114331723 0.12268514666666658 3
146 0 0.4891891082930756 0.54355622 0.04679023590982284 0.14989439733333332 1
146 7 0.5464858148148148 0.5098555386666667 0.0266410805152979 0.07358163733333334 1
146 16 0.6805112177938808 0.45750320666666666 0.017309900966183567 0.07059390666666665 3
146 18 0.7301797375201289 0.4832844613333333 0.04038293236714974 0.06059382400000002 1
146 19 0.7613031243961352 0.47294800133333337 0.045923057165861536 0.0870805626666667 1
146 20 0.7938729915458937 0.4531339893333334 0.036811482286634445 0.12752662399999998 3
147 0 0.49048676650563605 0.5444148133333333 0.04690700000000003 0.15025482133333334 1
147 7 0.5489506489533011 0.5128416853333333 0.027873718196457342 0.0765391946666667 1
147 16 0.6858152117552335 0.4604772266666667 0.017901354267310765 0.07238888533333337 3
147 18 0.7381087769726248 0.48584841199999995 0.04235121256038643 0.06257719199999995 1
147 19 0.7719252741545894 0.475068596 0.04855249194847022 0.09040904800000005 1
147 20 0.8063715628019323 0.453972708 0.03880683413848629 0.13276583733333336 3
148 0 0.4917908518518519 0.545277612 0.047024566827697234 0.15061674933333336 1
148 7 0.5516151155394525 0.5160779306666666 0.029223501610305957 0.07974442133333332 1
148 16 0.6906969983896941 0.4630795853333333 0.018502555555555578 0.07419986933333333 3
148 18 0.7465544223027375 0.48858602133333334 0.04449498631239934 0.0646947413333333 1
148 19 0.7826083003220612 0.47947591066666667 0.05136920128824474 0.09396594933333324 1
148 20 0.8199190507246377 0.45488349466666667 0.041015328502415516 0.13845389599999997 3
149 0 0.4931014126409018 0.5461446480000001 0.047142944444444446 0.15098019200000012 1
149 7 0.5545045495169082 0.5195970746666666 0.03070752254428344 0.08322978666666664 1
149 16 0.695826192431562 0.46581571466666666 0.019142349436392925 0.07610380799999994 3
149 18 0.755568981078905 0.49151555466666663 0.046836886473429984 0.06696056533333333 1
149 19 0.794132245974235 0.48424442 0.05448840982286629 0.09781403466666666 1
149 20 0.8346224456521739 0.4645861613333333 0.04346310547504029 0.14465137333333322 3
150 0 0.49441849597423504 0.5470159506666666 0.04726214170692428 0.15134515466666665 1
150 7 0.5565811171497584 0.5235815173333334 0.03223742753623182 0.08703222399999994 1
150 16 0.7013814738325281 0.47553048266666664 0.01983083816425124 0.07810340799999999 3
150 18 0.7649646308373591 0.5060782906666667 0.04940120370370371 0.06940363733333332 1
150 19 0.8064291328502415 0.49485536666666663 0.057941190016102984 0.10198885066666658 1
150 20 0.8506678087761674 0.475194432 0.04619801368760068 0.1514291573333333 3
151 0 0.49574214935587757 0.5478915533333334 0.04738216827697256 0.15171165066666675 1
151 7 0.5588503007246377 0.5278730293333334 0.033926601449275284 0.091347552 1
151 16 0.7069800559581321 0.4647313533333334 0.02055487842190007 0.08022789600000008 3
151 18 0.775274131642512 0.49726948533333337 0.05223946779388089 0.07204420799999994 1
151 19 0.8195070861513688 0.4875542213333333 0.06171622222222228 0.10645234133333326 1
151 20 0.8677739488727858 0.46532763600000004 0.04925573349436396 0.15882489333333338 3
152 0 0.4968692721417069 0.5470576613333333 0.04750171497584532 0.1520845546666667 1
152 7 0.5623959549114331 0.5172387666666667 0.0358535845410628 0.09566616266666667 1
152 16 0.7128848043478261 0.4533324133333333 0.021329384863123968 0.08247112000000001 3
152 18 0.7861763627214171 0.48567159466666665 0.05535228582930751 0.07489410666666663 1
152 19 0.8337281050724639 0.4795854706666666 0.0659447367149758 0.11132468533333328 1
152 20 0.8866020257648953 0.45444402933333333 0.05271017552334922 0.16698011199999996 3
153 0 0.498001941626409 0.546219664 0.04762188486312402 0.15245931199999996 1
153 7 0.5657003140096618 0.5189108453333333 0.037941985507246256 0.10060034133333334 1
153 16 0.7192807008856683 0.4525252693333333 0.022171221417069176 0.084864944 3
153 18 0.7979626775362318 0.47941650133333336 0.05880690579710135 0.07797565866666667 1
153 19 0.8492494102254429 0.47085315466666666 0.0707064677938809 0.11666475733333331 1
153 20 0.9074260213365539 0.44237789066666666 0.056639269726248 0.176018128 3
154 0 0.4991401988727858 0.5453775306666667 0.047742681159420375 0.1528359413333334 1
154 7 0.569809385668277 0.5259049653333333 0.04037743961352658 0.10616843199999998 1
154 16 0.7260526050724637 0.4516698373333333 0.023076757648953228 0.08740188799999993 3
154 18 0.8107613586956522 0.483128868 0.06266121497584543 0.08131607199999996 1
154 19 0.866625018921095 0.4712998266666667 0.07621069484702092 0.12260716800000004 1
154 20 0.9305902882447665 0.44237999866666666 0.06111464573268932 0.18604827466666674 3
155 0 0.5002840857487924 0.544531232 0.04786410869565222 0.1532144479999999 1
155 7 0.5743799259259259 0.5337188533333334 0.043140048309178836 0.11238861333333322 1
155 16 0.7332346932367149 0.45076165200000007 0.024053107890499192 0.09009518666666666 3
155 18 0.8238477266505636 0.4840794786666667 0.06681789613526568 0.08485293599999993 1
155 19 0.8857737632850241 0.471794324 0.08249469404186782 0.1291874480000001 1
155 20 0.9564767524154589 0.442383472 0.06628083494363912 0.19729062399999997 3
156 0 0.5014336433172303 0.543680736 0.04798617391304355 0.153594848 1
156 7 0.5790757536231883 0.5377951973333334 0.0463010837359098 0.11927409066666678 1
156 16 0.7408654106280192 0.4497956773333333 0.025108447665056377 0.09295975466666662 3
156 18 0.8380664734299517 0.4851165106666667 0.07147119484702091 0.08871149066666667 1
156 19 0.906579943236715 0.4725742093333333 0.08957526328502419 0.13636469066666662 1
156 20 0.974320323268921 0.44266525999999995 0.049749047504025756 0.20942614666666665 3
157 0 0.5025889142512078 0.5428260106666667 0.04810888003220609 0.15397715733333328 1
157 7 0.5843571570048309 0.542403596 0.04992933172302738 0.12705838666666663 1
157 16 0.7489881682769726 0.448766216 0.026252212560386456 0.09601245866666669 3
157 18 0.8535718542673107 0.48625231066666663 0.07670770531400961 0.09293772000000006 1
157 19 0.9297029537037036 0.47344567600000004 0.0977585579710144 0.14438636000000005 1
157 20 0.9890477628824477 0.4440625613333333 0.020294168276972613 0.21610832800000002 3
158 0 0.5037499416264091 0.5419670253333333 0.04823223268921095 0.15436139466666665 1
158 7 0.5903415326086956 0.547655488 0.054133152173913124 0.13592979199999994 1
158 16 0.7574556348631241 0.447078192 0.02740125040257635 0.099238512 3
158 18 0.8705476014492755 0.4875016946666667 0.08263422222222216 0.09758679733333336 1
158 19 0.9505503619162641 0.47459798133333336 0.0972889702093398 0.1530665493333333 1
159 0 0.5048848607085346 0.543026284 0.04833727858293074 0.15468449333333328 1
159 7 0.5972168772141707 0.5535690653333334 0.05900309259259262 0.14597341600000002 1
159 16 0.7664996839774558 0.445272736 0.028655638486312474 0.10268902933333335 3
159 17 0.5882114867149759 0.5422450026666666 0.013487111916264172 0.16900330666666674 4
159 18 0.8894782270531402 0.48853272133333336 0.08950418840579699 0.10277506933333341 1
159 19 0.9622232576489533 0.47534009733333327 0.07394317874396139 0.1619744933333333 1
160 0 0.5060245716586151 0.5440900133333333 0.048442800322061164 0.15500893333333327 1
160 7 0.6051319702093397 0.5603673133333333 0.06476442673107896 0.1577375333333333 1
160 16 0.7761813196457327 0.44333715333333334 0.03002951529790665 0.10638827999999995 3
160 17 0.5959588788244767 0.550444784 0.012077295491143336 0.18287955199999995 4
160 18 0.9104145020128824 0.48967955733333335 0.09738965780998377 0.10854607466666666 1
160 19 0.9753044271336554 0.4757984866666667 0.04778083977455716 0.1623760826666667 1
161 0 0.5071691034621578 0.5451582386666667 0.04854880112721416 0.15533471733333332 1
161 7 0.6143438498389694 0.5683058413333333 0.07167571900161018 0.1716186213333334 1
161 16 0.785639766505636 0.44367655866666666 0.03161488566827697 0.11026796000000005 3
161 17 0.6047614887278583 0.5601109746666667 0.015256362318840533 0.19923847733333333 4
161 18 0.9336949891304347 0.49096287866666666 0.1065113132045089 0.11500383733333336 1
161 19 0.990065080515298 0.4763044626666666 0.018259533011272033 0.16206274933333326 1
162 0 0.5083184879227054 0.546230992 0.04865528502415467 0.15566186133333337 1
162 7 0.6249742576489532 0.5783698253333334 0.07995403864734307 0.18869667466666662 1
162 16 0.7958001219806763 0.444041756 0.03335025040257644 0.114441656 3
162 17 0.614110344605475 0.5716755680000001 0.01717659742351041 0.218811824 4
162 18 0.9501785116747181 0.4927417053333333 0.0980326706924316 0.12161246666666664 1
163 0 0.508808961352657 0.5485730706666667 0.04878896135265698 0.15608062666666667 1
163 7 0.6377624694041868 0.590573516 0.09031366183574885 0.209527784 1
163 16 0.8067435760869565 0.44443579866666666 0.03525684621578096 0.118944104 3
163 17 0.6275773047504025 0.5836564613333334 0.02044170289855074 0.24277882133333334 4
163 18 0.9612223405797102 0.4901662813333333 0.0759450128824476 0.1273143066666666 1
164 0 0.5093021066827697 0.5509279 0.04892338244766503 0.15650161866666668 1
164 7 0.6534488317230274 0.6056831853333333 0.10360424154589376 0.2354953786666667 1
164 16 0.8185643522544284 0.44486224399999996 0.0373599653784219 0.12381575733333333 3
164 17 0.6423909762479871 0.59858488 0.021470746376811567 0.2726421493333334 4
164 18 0.9735628941223833 0.48646097466666666 0.051263905797101494 0.12731497866666663 1
165 0 0.5097979464573269 0.553295588 0.049058553140096606 0.15692485066666673 1
165 7 0.6727248997584541 0.624463948 0.12079412640901765 0.268036088 1
165 16 0.8311792391304348 0.44692910799999996 0.039641473429951724 0.128974568 3
165 17 0.664299920289855 0.617701112 0.02653224476650562 0.310882912 4
165 18 0.9874427745571659 0.48274507199999994 0.023504144927536275 0.12724552533333328 1
166 0 0.5102965024154589 0.5556762373333334 0.04919448148148148 0.1573503413333333 1
166 7 0.697569923510467 0.6489868173333333 0.14428159098228677 0.31091901600000005 1
166 16 0.8448664520933977 0.4491761266666666 0.04217474315619962 0.1345828719999999 3
166 17 0.6891075684380032 0.6430548453333333 0.02791197101449272 0.3616013706666667 4
167 0 0.5098923550724638 0.5558914746666667 0.04937761835748794 0.1579428 1
167 7 0.7308720052334944 0.682379944 0.17798764331723027 0.3699608373333333 1
167 16 0.8594934400161031 0.445589224 0.045025247181964545 0.14084396799999999 3
167 17 0.7286772101449276 0.678294112 0.03917064090177136 0.432095152 4
168 0 0.5094851618357488 0.5561083386666666 0.0495621433172303 0.15853972800000005 1
168 7 0.7779979194847022 0.7305654173333334 0.22970367954911441 0.45630722933333334 1
168 16 0.8755099110305958 0.441652632 0.04822855636070855 0.14771533866666664 3
168 17 0.777194305152979 0.7297842906666667 0.04347826086956519 0.5350980853333333 4
169 0 0.509074888888889 0.556326852 0.04974807246376811 0.15914118133333333 1
169 7 0.8439342632850242 0.7519041053333333 0.3105211674718197 0.490858456 1
169 16 0.8931239291465378 0.4373125986666667 0.05185033333333333 0.15529078133333335 3
169 17 0.8665625825281804 0.72977088 0.0786085660225444 0.5351249066666666 4
170 0 0.5093782745571659 0.5564304906666666 0.049937626409017666 0.15974731200000003 1
170 7 0.8620277801932368 0.7547619933333334 0.2743341336553945 0.48514267999999994 1
170 16 0.9138492073268922 0.434905384 0.05600822785829307 0.16376416 3
170 17 0.9831335668276973 0.7313156426666666 0.03212256038647354 0.5320353813333334 4
171 0 0.5098069142512078 0.5576038173333333 0.05012954186795493 0.1603584186666666 1
171 7 0.8896580056360708 0.7590788706666667 0.21907368276972627 0.4765089253333332 1
171 16 0.9368937866344605 0.43221986933333334 0.06079994524959731 0.17321560000000003 3
172 0 0.5102388377616747 0.558786148 0.05032290096618358 0.16097428000000003 1
172 7 0.9451446851851852 0.776319608 0.10810032367149758 0.4420274506666666 1
172 16 0.9604584931561997 0.42942474533333336 0.06595545652173906 0.18312435466666666 3
173 0 0.5106740833333334 0.559977588 0.050517719001610284 0.16159495199999996 1
173 16 0.9764460925925926 0.43102854133333335 0.0454975088566828 0.19411926933333334 3
174 0 0.511112690016103 0.5611782413333334 0.0507140128824477 0.16222048266666672 1
174 16 0.9912752797906602 0.43469099199999994 0.01583913446054752 0.1973591466666666 3
175 0 0.5109497504025764 0.559354876 0.05098012238325278 0.16307899999999997 1
176 0 0.5107850845410629 0.5575122386666667 0.05124904186795487 0.16394648799999995 1
177 0 0.5106186646537842 0.555650016 0.05152082045088574 0.16482309333333334 1
178 0 0.5104504633655395 0.5537678973333333 0.05179550161030594 0.16570895733333335 1
179 0 0.5099600096618357 0.5537173440000001 0.05203489049919485 0.16648278933333338 1
180 0 0.5094649673913043 0.5536663266666667 0.052276532206119164 0.16726385333333332 1
181 0 0.5089652709339775 0.5536148426666667 0.052520456521739145 0.1680522453333334 1
182 0 0.5091191095008052 0.5494827413333333 0.052737851851851814 0.16875036799999998 1
183 0 0.5092742258454106 0.5453163626666666 0.05295705555555558 0.1694543573333333 1
184 0 0.5094306360708535 0.541115276 0.05317809017713371 0.17016429066666666 1
185 0 0.5086499090177133 0.5412594 0.05341709983896942 0.1709358506666666 1
186 0 0.5078620668276972 0.5414048333333333 0.05365825925925927 0.17171443466666664 1
187 0 0.5078063232689212 0.5426843506666666 0.05377528421900163 0.17208764533333332 1
188 0 0.5077503365539452 0.5439694666666667 0.05389281964573267 0.17246246933333337 1
189 0 0.5076941046698873 0.5452602173333333 0.05401086956521739 0.17283891466666668 1
190 0 0.5076376264090177 0.5465566426666667 0.05412943639291473 0.1732169973333333 1
191 0 0.5077162721417069 0.5477370693333333 0.054197103059581364 0.17343101333333327 1
192 0 0.5077951147342996 0.5489204386666666 0.05426493961352652 0.1736455440000001 1
193 0 0.5078741541867955 0.5501067626666666 0.054332946054750364 0.17386059199999998 1
193 8 0.5735479456521739 0.44611238266666664 0.01854313768115934 0.08937351200000004 6
194 0 0.5077240265700483 0.5512142586666666 0.05434536392914652 0.1739000586666667 1
194 8 0.5745703977455717 0.44543965333333335 0.01952742351046699 0.09287562666666666 6
195 0 0.507573827294686 0.5523222813333334 0.05435778502415456 0.17393952800000007 1
195 8 0.5756726324476651 0.4447119506666667 0.020599477455716664 0.09666342666666677 6
196 0 0.507423557568438 0.5534308253333333 0.0543702101449276 0.17397900533333338 1
196 8 0.5768644327697263 0.44392224533333335 0.021771321256038645 0.1007733546666667 6
197 0 0.5072732165861513 0.5545398946666666 0.05438263929146542 0.17401848799999997 1
197 8 0.5781572588566828 0.4430622613333333 0.02305723752012878 0.10524833599999994 6
198 0 0.5075427926731079 0.554054068 0.05434042431561997 0.17388089333333334 1
198 8 0.5795646268115942 0.44212218000000003 0.024474319645732767 0.1101392613333333 6
199 0 0.5078119424315619 0.5535690106666666 0.05429827777777774 0.17374352533333337 1
199 8 0.581102595410628 0.441090264 0.02604318760064417 0.11550695466666672 6
200 0 0.5080806658615137 0.5530847186666666 0.05425619967793888 0.17360637599999995 1
200 8 0.5827903981481481 0.43995236666666665 0.027788941223832464 0.12142469599999994 6
201 0 0.5083489653784219 0.552601192 0.054214188405797115 0.17346945066666658 1
201 8 0.584651272141707 0.43869127333333335 0.029742417069243188 0.1279816026666667 6
201 27 0.34778523349436397 0.503065848 0.011548413848631311 0.07719099200000001 4
202 0 0.5082006843800322 0.5526799746666666 0.05413489694041862 0.17320729866666656 1
202 8 0.5870061638486312 0.43975636799999995 0.03236331964573269 0.13529233599999996 6
202 27 0.34196302938808376 0.50692886 0.009393451690821286 0.08022392266666661 4
203 0 0.5080528309178745 0.5527585306666667 0.054055708534621494 0.17294587200000006 1
203 8 0.5896321465378422 0.4409506666666667 0.03533182125603862 0.14348974933333342 6
203 27 0.33503746054750405 0.5111080853333334 0.009899710144927576 0.08350515199999997 4
204 0 0.507905403784219 0.5528368653333333 0.05397662399355879 0.17268516 1
204 8 0.5925794714170691 0.4422991706666667 0.03871994122383249 0.15274557866666655 6
204 27 0.32706489251207727 0.515644008 0.009930219806763285 0.08706646933333334 4
205 0 0.50775840136876 0.5529149733333334 0.05389764331723029 0.1724251626666667 1
205 8 0.5959117701288246 0.44383377999999996 0.042620620772946816 0.16327895199999992 6
205 27 0.31884372584541065 0.5205843266666668 0.00967313607085346 0.09094533599999999 4
206 0 0.5076118216586152 0.5529928613333333 0.05381876570048305 0.17216587733333333 1
206 8 0.6003318880837358 0.4418985053333333 0.04739688727858293 0.175582232 6
206 11 0.5866525048309179 0.45208735733333333 0.02948533816425125 0.1290309546666667 6
206 27 0.30947069283413847 0.525985648 0.008856683574879232 0.095186208 4
207 0 0.5074656626409018 0.5530705266666667 0.05373999033816429 0.17190729866666665 1
207 8 0.605425520531401 0.43964754799999994 0.05304760466988734 0.18989055733333332 6
207 11 0.5890234009661837 0.45123973333333334 0.03223952657004825 0.13651170666666662 6
207 27 0.29946168719806765 0.5284663733333334 0.010624989533011275 0.09998470399999992 4
208 0 0.5073199239130435 0.553147972 0.05366131803542684 0.17164942666666666 1
208 8 0.6113625406602254 0.4369968013333333 0.059825060386473394 0.2067375546666667 6
208 11 0.5916755189210949 0.45028845733333334 0.035351979871175554 0.14491289866666662 6
208 27 0.28785429066022544 0.5312104946666667 0.01180890982286631 0.10529268533333336 4
209 0 0.5061802725442834 0.55315322 0.05349968840579722 0.17113928266666667 1
209 8 0.6183762930756843 0.43382936666666666 0.06808548148148152 0.22686464266666662 6
209 11 0.594662347020934 0.449213264 0.038896698872785906 0.154415552 6
209 27 0.277219518921095 0.5342623093333334 0.012387295491143313 0.11119584533333338 4
210 0 0.5050472556360709 0.5531584546666666 0.05333867230273753 0.17063208799999996 1
210 8 0.6273804907407408 0.43074177999999996 0.07973302818035422 0.25129492000000003 6
210 11 0.598051944847021 0.4479882373333334 0.042969322866344584 0.16525150400000005 6
210 27 0.26439891666666665 0.5385872373333334 0.012077293880837336 0.11780807999999993 4
211 0 0.5039208164251208 0.5531636773333334 0.05317826570048306 0.170127808 1
211 8 0.6384146119162641 0.4269141586666667 0.09447412399355881 0.28161872800000004 6
211 11 0.60193228784219 0.44657969466666664 0.0476955740740741 0.177722536 6
211 27 0.24678613285024156 0.5434409546666666 0.013671991948470186 0.1252924960000001 4
212 0 0.50270493921095 0.5528391986666668 0.05301357729468603 0.1696207706666667 1
212 8 0.6522742028985506 0.4220440626666667 0.11366213526570046 0.32026127733333337 6
212 11 0.6064191859903381 0.4449430373333333 0.053243962962962965 0.19222895466666662 6
212 12 0.5910391739130434 0.4476961346666667 0.03710615942028983 0.15097435999999997 6
212 27 0.22551814210950083 0.5489470653333333 0.014224369565217415 0.133792584 4
213 0 0.5014963735909823 0.552516648 0.052850038647342945 0.16911672533333344 1
213 8 0.6725667628824477 0.413768816 0.1411158768115941 0.37212209066666657 6
213 11 0.6116683156199678 0.443017944 0.05984543317230262 0.20931336 6
213 12 0.5938352177938808 0.4468747146666666 0.041371411433172356 0.16145357333333327 6
213 27 0.20531842270531403 0.5552466 0.01642404025764896 0.14353007999999995 4
214 0 0.500295055152979 0.552196008 0.05268763687600647 0.16861564266666673 1
214 8 0.7000887057165861 0.402320084 0.18040234863123994 0.44401224800000005 6
214 11 0.6195359094202899 0.4406057746666667 0.06779924235104662 0.23016746400000004 6
214 12 0.5970362165861514 0.445932404 0.046293227053139985 0.1734952666666667 6
214 13 0.5833167190016102 0.453915568 0.029538951690821214 0.12888803199999993 6
214 27 0.1802893880837359 0.5625244066666667 0.017176597423510437 0.1547963226666667 4
215 0 0.4992618148148148 0.551783736 0.05247979871175529 0.16796668800000003 1
215 8 0.7397817818035426 0.38543926666666667 0.24053085990338163 0.5503123946666667 6
215 11 0.6290306123188406 0.43766088000000003 0.0777462665056361 0.2556370346666667 6
215 12 0.6007376549919484 0.4448403386666666 0.052034717391304275 0.18747707200000002 6
215 13 0.5848774633655395 0.4529911386666666 0.03246497987117558 0.13656288533333333 6
215 27 0.1537774186795491 0.569654024 0.02436662640901771 0.16754125866666664 4
216 0 0.4982365744766506 0.5513746253333334 0.05227370289855077 0.16732267999999995 1
216 8 0.8026477858293075 0.359904504 0.3421944734299517 0.719809008 6
216 11 0.6407260265700483 0.43398486533333336 0.09050030273752008 0.2874449946666667 6
216 12 0.6050678103864735 0.443559676 0.05881742592592587 0.20390897866666663 6
216 13 0.5866343047504026 0.451950132 0.035763021739130374 0.145208952 6
216 27 0.11991645611916263 0.578083412 0.02952227455716587 0.182616856 4
217 0 0.49721924074074075 0.5509686386666667 0.05206932850241547 0.16668356533333334 1
217 8 0.8244606086956522 0.416663712 0.3494684766505636 0.833327424 6
217 11 0.6581171602254428 0.42925673999999997 0.10947714492753613 0.32993830133333335 6
217 12 0.6122324573268921 0.441115476 0.06776142995169088 0.224223512 6
217 13 0.5886267379227054 0.45076899733333337 0.03950892995169086 0.15502305066666666 6
217 27 0.08199127012882448 0.5881046106666666 0.02886825684380033 0.20056913066666665 4
218 0 0.49639184138486314 0.5504492306666666 0.05180470531400966 0.16584908533333337 1
218 8 0.8367033723832529 0.4210763946666667 0.3249829492753623 0.8421527893333334 6
218 11 0.6810557419484702 0.42290410933333333 0.13601334219001604 0.38717396266666665 6
218 12 0.6208893965378421 0.4381356546666667 0.07886324074074069 0.24903122933333327 6
218 13 0.5909056465378422 0.44941738666666664 0.04380065861513682 0.16625902933333325 6
218 27 0.03238962962962963 0.6003362893333334 0.02388620611916264 0.22250032800000002 4
219 0 0.4955727512077295 0.5499349973333334 0.05154284219001615 0.16502288533333342 1
219 8 0.8540879762479872 0.427064028 0.29021374154589374 0.854128056 6
219 11 0.7128129782608696 0.41391608533333335 0.17531652657004837 0.4684341653333333 6
219 12 0.6328778586956523 0.435237368 0.0930364871175523 0.2803334453333333 6
219 13 0.5951110720611916 0.44775109066666663 0.04925416022544282 0.17918672533333324 6
219 14 0.5822901280193237 0.45365702533333335 0.027648531400966236 0.1296005733333333 6
220 0 0.494761845410628 0.5494258613333333 0.051283695652173944 0.16420484799999996 1
220 8 0.8823858111916264 0.43482898 0.23361807165861515 0.86965796 6
220 11 0.7621991107085346 0.39908949466666666 0.23979859500805167 0.5928969040000001 6
220 12 0.648056326489533 0.43151352400000004 0.11180040982286643 0.32063606133333333 6
220 13 0.5999894939613527 0.44580508666666663 0.0556973792270532 0.19429307466666662 6
220 14 0.5846749601449275 0.4527230386666667 0.03056390901771333 0.13738316000000006 6
221 0 0.4939590028180354 0.548921748 0.05102722302737517 0.1633948506666667 1
221 8 0.9312262387278583 0.44386247333333334 0.13593721658615132 0.8877249466666667 6
221 11 0.8322047234299517 0.3887223053333333 0.3339802471819645 0.7774446106666666 6
221 12 0.6679414645732689 0.4265527426666667 0.13764973913043488 0.3744727866666667 6
221 13 0.6057192149758455 0.443502468 0.06341863285024163 0.21217952266666662 6
221 14 0.5873539931561997 0.4516706386666667 0.03386958695652165 0.14615929866666666 6
222 0 0.4938995112721417 0.5495510880000001 0.050731458937198104 0.1624477173333333 1
222 11 0.8482971545893719 0.44204477066666664 0.30179538486312407 0.8840895413333333 6
222 12 0.6969590660225443 0.4195078293333333 0.17611180193236708 0.4497283466666666 6
222 13 0.6125485768921095 0.440735292 0.07282769323671501 0.2336913146666667 6
222 14 0.5903855495169082 0.45047576533333333 0.037648944444444554 0.1561322346666667 6
222 15 0.5813290471014493 0.4519107933333333 0.030018979871175633 0.1281995013333334 6
223 0 0.4938407101449276 0.550173164 0.05043910466988738 0.16151152266666663 1
223 11 0.8739554496779388 0.445550944 0.2504787946859903 0.891101888 6
223 12 0.7393408119967794 0.408975808 0.23640759500805153 0.5628387146666667 6
223 13 0.6224526815619968 0.43855318 0.08504480273752002 0.2601332986666666 6
223 14 0.5938445499194847 0.4491073653333333 0.04201068276972608 0.1675647253333334 6
223 15 0.5827262757648953 0.4516044453333333 0.032705429146537845 0.13574211199999997 6
224 0 0.4937825869565218 0.550788104 0.050150103059581286 0.16058608000000002 1
224 11 0.9171800503220612 0.45180866 0.1640295933977456 0.90361732 6
224 12 0.8078581356682769 0.39151727866666663 0.3419826690821255 0.751964648 6
224 13 0.6347013816425121 0.43581820400000004 0.10074775362318844 0.29332214666666667 6
224 14 0.5978289033816425 0.447524656 0.04709914009661831 0.1808024960000001 6
224 15 0.5842974871175524 0.4512602746666666 0.03572809500805152 0.14422778133333342 6
225 0 0.49372513003220614 0.5513960293333333 0.049864396940418776 0.1596712053333333 1
225 12 0.8283359613526571 0.45373957200000004 0.3417177713365539 0.9074791440000001 6
225 13 0.6502695438808375 0.4322896786666667 0.1215758429951691 0.3362177786666667 6
225 14 0.602469118357488 0.44567298666666666 0.05311004025764887 0.19630984 6
225 15 0.5860773590982287 0.45087079333333335 0.03915446537842182 0.15384518133333325 6
226 0 0.4931893570853462 0.5520341253333333 0.04958857890499202 0.15879285866666665 1
226 12 0.842483213768116 0.4586412546666666 0.3134232665056361 0.9172825093333332 6
226 13 0.6707765185185186 0.42756350400000004 0.15034052495974237 0.39380809066666667 6
226 14 0.6079431980676329 0.443477404 0.06031532045088561 0.214725192 6
226 15 0.5893247069243156 0.4503634906666667 0.043407726247987055 0.164900208 6
227 0 0.49265945008051526 0.5526652320000001 0.0493158083735909 0.157924144 1
227 12 0.8631128534621577 0.4651455186666667 0.2721639871175524 0.9302910373333334 6
227 13 0.6995971191626409 0.4209043 0.1925320466988728 0.4750473786666667 6
227 14 0.6160338961352657 0.44256510000000004 0.06910845410628008 0.23702894666666668 6
227 15 0.5930537069243156 0.44977857600000004 0.04836084702093402 0.17766707733333337 6
228 0 0.4921353119967794 0.5532894613333333 0.049046034621578194 0.15706490666666673 1
228 12 0.8970213872785829 0.46487239599999997 0.20434691948470207 0.9297447919999999 6
228 13 0.7423008900966184 0.41083143866666666 0.25891463848631247 0.5985153200000001 6
228 14 0.6258832157809984 0.44144535733333334 0.08017378904991945 0.2645046773333333 6
228 15 0.5973813301127214 0.44909673466666666 0.05419861996779396 0.19257679199999994 6
229 0 0.49161684983896936 0.5539069306666667 0.04877920692431553 0.15621499200000005 1
229 12 0.9557495724637681 0.46820526933333334 0.0868905491143317 0.9364105386666667 6
229 13 0.8126683965378423 0.4001303586666667 0.3730529009661835 0.8002607173333334 6
229 14 0.6381464359903382 0.44003829733333333 0.09447868035426732 0.2991873413333333 6
229 15 0.6024661706924316 0.44829165066666665 0.061176049919484665 0.2102182826666667 6
230 0 0.4911039718196457 0.5545177440000001 0.0485152801932367 0.15537424533333338 1
230 13 0.8213683768115942 0.47310284533333335 0.35565294041867956 0.9462056906666667 6
230 14 0.6558177926731079 0.4355805333333333 0.11497830354267302 0.346545392 6
230 15 0.6092421650563606 0.44627337600000005 0.07049310466988723 0.2323049333333334 6
231 0 0.4905965877616747 0.5551220106666667 0.048254206119162646 0.15454252266666674 1
231 13 0.8341120152979067 0.47384305466666665 0.3301656634460547 0.9476861093333333 6
231 14 0.6796202258454107 0.42946552666666665 0.14422292834138484 0.4117143013333334 6
231 15 0.617528402979066 0.443786904 0.08215192351046696 0.2595754133333332 6
232 0 0.49019283172302736 0.5543566493333334 0.04803730917874394 0.15385021066666665 1
232 13 0.8527863747987118 0.4786683746666667 0.2928169444444444 0.9573367493333333 6
232 14 0.7135587443639292 0.42055822266666665 0.18880543397745564 0.507068952 6
232 15 0.6292034549114331 0.44058663733333336 0.09768768115942028 0.29409760533333335 6
233 0 0.48979262157809983 0.5535980573333333 0.04782209017713368 0.15316415200000005 1
233 13 0.8844586223832529 0.47787765466666665 0.22947244927536226 0.9557553093333333 6
233 14 0.7687675668276972 0.40543231999999996 0.2643459194847021 0.656392224 6
233 15 0.6442294420289855 0.43641929199999996 0.11843795330112727 0.339207368 6
234 0 0.4893959114331723 0.5528461440000001 0.04760852495974244 0.15248426133333337 1
234 13 0.9430810950080515 0.4819084026666667 0.11222750402576487 0.9638168053333334 6
234 14 0.8297401054750403 0.421583448 0.33890948309178737 0.843166896 6
234 15 0.6659769440418679 0.4307957866666667 0.1474956755233494 0.39959044266666666 6
235 0 0.48900265579710145 0.5521008213333334 0.047396596618357545 0.15181045866666665 1
235 14 0.8467592826086956 0.4730712266666667 0.30487112882447664 0.9461424533333334 6
235 15 0.6964097608695652 0.4227766373333333 0.19060189371980685 0.4861237546666667 6
236 0 0.4888184975845411 0.5509902146666666 0.04715354911433173 0.15103615733333337 1
236 14 0.8749202560386473 0.475935016 0.2485491819645732 0.951870032 6
236 15 0.7423649875201288 0.410417344 0.26013601207729464 0.620490224 6
237 0 0.4886504315619967 0.5498908093333333 0.046941268921095014 0.15026987466666664 1
237 14 0.925096496779388 0.4802274693333333 0.14819670048309186 0.9604549386666666 6
237 15 0.8133558623188406 0.40646948800000005 0.37167796940418685 0.8129389760000001 6
238 0 0.4885532238325282 0.5488024346666667 0.046869309178743934 0.14951148266666664 1
238 15 0.8235184279388084 0.48124253066666667 0.3513528381642512 0.9624850613333333 6
239 0 0.48845690096618355 0.5477249266666667 0.04679774396135267 0.1487608666666667 1
239 15 0.8377763188405798 0.4873621813333333 0.3228370563607085 0.9747243626666666 6
240 0 0.48836145008051535 0.546658124 0.04672656843800321 0.14801790133333337 1
240 15 0.8589080768921095 0.49544305866666666 0.280573540257649 0.9908861173333333 6
241 0 0.4882668603059581 0.5456018679999999 0.046655778582930685 0.14728247733333333 1
241 15 0.8937049557165861 0.49866666666666665 0.21097978260869565 0.9973333333333333 6
242 0 0.4886372125603865 0.5439324320000001 0.046861446054750344 0.14678926933333336 1
242 15 0.9622243079710145 0.49866666666666665 0.07394107809983885 0.9973333333333333 6
243 0 0.48900551288244765 0.5422736573333333 0.047065312399355796 0.146300168 1
244 0 0.4893717793880837 0.5406254506666667 0.047267383252817985 0.14581513066666668 1
245 0 0.4897360293880837 0.5389877186666667 0.047467664251207686 0.14533410400000008 1
246 0 0.4903731896135266 0.5388841253333333 0.04765150966183579 0.14492118399999993 1
247 0 0.4910073123993559 0.5387810626666667 0.04783418840579717 0.14451025866666667 1
248 0 0.4916384206924316 0.5386785213333333 0.04801569967793878 0.14410130933333337 1
249 0 0.49226653743961357 0.5385765013333333 0.04819604106280201 0.14369433066666665 1
250 0 0.4928916835748792 0.5384749973333334 0.048375212560386516 0.14328930133333334 1
251 0 0.49351388204508856 0.538374004 0.04855321175523353 0.14288621066666668 1
252 0 0.4946241525764895 0.5392784613333333 0.04833401046698871 0.14259998933333334 1
253 0 0.4957303353462158 0.5401793813333333 0.048116160225442794 0.1423148853333333 1
254 0 0.4968324528985507 0.5410767866666667 0.04789964975845401 0.14203089600000007 1
255 0 0.4979305273752014 0.5419706986666667 0.0476844702093398 0.1417480106666667 1
256 0 0.49902458212560385 0.5428611386666667 0.04747061030595806 0.14146622400000003 1
257 0 0.4998863788244766 0.54223982 0.04731978824476646 0.1412997093333333 1
258 0 0.5007462306763284 0.541619988 0.04716957246376807 0.14113359733333325 1
259 0 0.5016041449275362 0.5410016426666666 0.04701995974235107 0.14096788799999993 1
260 0 0.5024601276167472 0.5403847746666667 0.04687094605475034 0.14080257866666668 1
261 0 0.5033141859903382 0.5397693786666667 0.04672252979066016 0.14063766933333338 1
262 0 0.50416632568438 0.5391554519999999 0.0465747077294687 0.14047315999999993 1
263 0 0.5049116702898551 0.5402698173333333 0.04645557890499186 0.14034612000000002 1
264 0 0.5056558256843801 0.5413822933333333 0.046336807568438054 0.14021927999999995 1
264 10 0.482872154589372 0.49367612133333333 0.01655300161030593 0.0362016879999999 1
265 0 0.506398792673108 0.5424928840000001 0.04621839210950085 0.14009263733333338 1
265 10 0.47965801529790664 0.49465424 0.017260520128824453 0.03767228266666667 1
266 0 0.5070459601449275 0.5422624253333334 0.04613380595813199 0.14004481333333324 1
266 9 0.49610378059581317 0.49255906400000005 0.018777976650563577 0.04126771200000001 1
266 10 0.47617687681159415 0.495715268 0.018038413848631196 0.03926744266666676 1
267 0 0.5076927061191627 0.5420321293333333 0.04604934299516905 0.13999702666666675 1
267 9 0.4930721682769726 0.49387090533333333 0.019729066022544317 0.04326728266666663 1
267 10 0.4723940092592593 0.49687020800000004 0.018897424315619915 0.04100370133333331 1
268 0 0.5083390305958132 0.541801992 0.045965003220611866 0.13994927466666662 1
268 9 0.48973848590982283 0.4953165133333333 0.02079065136876007 0.045470567999999933 1
268 10 0.46826838164251205 0.49813210933333335 0.019850541062801874 0.042900645333333265 1
269 0 0.5089849347826086 0.5415720133333333 0.04588078582930749 0.13990156266666665 1
269 9 0.4860551811594203 0.4969174466666667 0.021982729468599027 0.047910370666666646 1
269 10 0.46375116867954913 0.49951655066666667 0.020913611111111174 0.04498166133333331 1
270 0 0.5096304182769726 0.541342196 0.04579669323671487 0.13985388533333332 1
270 9 0.48196416022544286 0.49870015600000006 0.023330334943639286 0.05062693600000007 1
270 10 0.45878379790660223 0.5010422920000001 0.022106148148148153 0.04727490933333339 1
271 0 0.5102754822866344 0.541112536 0.04571272141706928 0.1398062453333334 1
271 9 0.4773936896135266 0.5006974666666667 0.024865200483091765 0.05367018666666673 1
271 10 0.4532953977455716 0.5027276546666666 0.02345243800322061 0.04982355999999999 1
272 0 0.5104496026570048 0.5408218573333333 0.045447111916263994 0.13971894666666662 1
272 9 0.47311030112721414 0.502516556 0.02624977133655393 0.05717331999999997 1
272 10 0.44774732809983897 0.504347684 0.025007483896940463 0.052710056000000005 1
273 0 0.5106235237520128 0.5405315613333334 0.04518146135265705 0.13963156000000004 1
273 9 0.4682478542673108 0.504589688 0.027861824476650532 0.06116553599999991 1
273 10 0.44153661795491145 0.506165768 0.026788467793880888 0.055951930666666594 1
274 0 0.5107972443639291 0.5402416466666666 0.04491577214170689 0.13954409333333334 1
274 9 0.46268019887278583 0.5069740693333333 0.029761045088566807 0.06575696533333325 1
274 10 0.4345368756038647 0.5082205973333334 0.028846574074074094 0.05961910933333325 1
275 0 0.5116860503220612 0.5375876773333332 0.044569546698872864 0.1395031573333333 1
275 9 0.45624159903381645 0.509745468 0.03202917391304355 0.07109349066666665 1
275 10 0.42658734702093404 0.5105616466666667 0.031249219001610318 0.06380112266666665 1
276 0 0.5125740748792271 0.53493628 0.044222995169082124 0.13946105066666675 1
276 9 0.44870984057971014 0.5130064293333334 0.03478091626409019 0.07737253866666671 1
276 10 0.41748035909822867 0.513253212 0.03408686795491139 0.06861454133333339 1
277 0 0.5134613184380032 0.532287452 0.043876123188405725 0.13941777866666671 1
277 9 0.4416511207729469 0.5180815333333333 0.03781342834138485 0.08477969600000013 1
277 10 0.40803884017713365 0.5172672306666667 0.036936248792270476 0.07444603999999999 1
278 0 0.5133240881642512 0.5342781426666666 0.043653783413848624 0.139332744 1
278 9 0.4331635285829307 0.5242316 0.04161227777777782 0.09375696533333328 1
278 10 0.3969354126409018 0.522007704 0.04043716827697269 0.08136541866666669 1
279 0 0.514036748389694 0.5342622826666668 0.04355371578099837 0.13918818133333338 1
279 9 0.4227623792270532 0.531838516 0.04649577294685986 0.10486284533333334 1
279 10 0.3836876115136876 0.5276917373333333 0.04482774154589375 0.08970761333333338 1
280 0 0.5147779327697262 0.5342464133333333 0.04351339855072467 0.1390438506666667 1
280 9 0.4101860382447665 0.5420346746666667 0.0530346384863124 0.11960539199999998 1
280 10 0.3689202777777778 0.535583696 0.050964450885668255 0.100136432 1
281 0 0.5155174722222222 0.5342305346666667 0.04347248711755236 0.1388997466666667 1
281 9 0.3938427874396135 0.5553836160000001 0.06210586151368758 0.13922259199999998 1
281 10 0.35057199396135263 0.545443684 0.0590110120772947 0.11330009333333324 1
282 0 0.5162553707729468 0.5342146453333334 0.04343098631239933 0.13875587200000006 1
282 9 0.3736766843800322 0.57146208 0.07568348309178746 0.16554705600000003 1
282 10 0.32715356400966183 0.5581149586666667 0.06995420048309176 0.1304298746666666 1
283 0 0.5168890450885668 0.5341494533333333 0.0433570805152978 0.13851252800000002 1
283 9 0.3450075603864734 0.5946915626666667 0.09666715780998386 0.20408301333333334 1
283 10 0.2962113828502415 0.575004612 0.08555691867954912 0.153621432 1
284 0 0.5175204078099839 0.534084444 0.043282807568438 0.1382699653333334 1
284 9 0.3009021698872786 0.6312433613333333 0.13262833333333335 0.26580364533333334 1
284 10 0.25614967632850244 0.5946761786666666 0.10856918357487924 0.18570147199999998 1
285 0 0.5181494706119163 0.5340196186666667 0.04320817149758449 0.138028176 1
285 9 0.2282077966988728 0.6955857346666667 0.2025098381642512 0.377417816 1
285 10 0.19715397262479872 0.6242795546666666 0.14645302898550727 0.2347235093333334 1
286 0 0.5187762427536231 0.533954976 0.04313317471819633 0.13778715733333335 1
286 9 0.13163272101449275 0.7595818573333333 0.2632654420289855 0.4755029519999999 1
286 10 0.110404327294686 0.6735040213333334 0.20860381078904994 0.31387902933333345 1
287 0 0.5194007355072463 0.5338905146666667 0.043057822061191575 0.1375469013333333 1
287 9 0.06779707809983897 0.7740810813333333 0.13559415619967793 0.44650450399999997 1
287 10 0.07133437359098228 0.7342065693333334 0.14266874718196457 0.40421768800000013 1
288 0 0.520022959742351 0.5338262346666667 0.04298211594202911 0.13730740800000008 1
289 0 0.5199182371175524 0.5337025946666667 0.04284056924315621 0.13686904533333333 1
290 0 0.5198142117552335 0.5335796853333333 0.04269963285024159 0.13643340799999998 1
291 0 0.5197108756038648 0.5334575026666667 0.04255930193236712 0.1360004666666666 1
292 0 0.5196082214170692 0.5333360386666667 0.04241956843800321 0.13557019999999992 1
293 0 0.5195062423510467 0.5332152880000001 0.0422804283413849 0.1351425813333334 1
