0 0 0.4913215801127214 0.5843073693333334 0.0897509331723027 0.2810061626666667 2
0 1 0.4132268925120773 0.5297716693333333 0.08632330193236715 0.09797876266666655 1
0 3 0.5409480708534622 0.5161666586666667 0.02716224315619975 0.07102677333333335 1
1 0 0.5058247741545894 0.5830444906666667 0.08981667713365543 0.2796004480000001 2
1 1 0.42340927818035434 0.5291159186666667 0.08453102979066024 0.09808546400000007 1
1 3 0.5409481815619968 0.5161614493333333 0.027161377616747195 0.07102667466666657 1
2 0 0.5201894553140096 0.58179404 0.08987707487922697 0.27820872533333335 2
2 1 0.43421035305958133 0.5284535866666666 0.08374429066022537 0.09818453866666677 1
2 3 0.5409482930756844 0.51615624 0.02716051207729464 0.07102657600000001 1
3 0 0.5344175974235105 0.5805558346666666 0.08993227214170685 0.27683078400000005 2
3 1 0.44417717391304345 0.5283706413333333 0.08338735909822864 0.09814633333333334 1
3 3 0.5409484041867955 0.5161510306666667 0.027159645732689253 0.07102647733333334 1
4 0 0.5493708812399356 0.5777629453333334 0.0897382665056361 0.2750422693333334 2
4 1 0.453894655394525 0.5282852906666666 0.0831643107890499 0.09809691733333342 1
4 3 0.5409485152979066 0.51614582 0.027158779388083754 0.071026376 1
5 0 0.5641821336553945 0.5777653666666667 0.08959676650563608 0.27332207733333336 2
5 1 0.4627907600644122 0.5281973466666666 0.08422216264090171 0.0980359733333333 1
5 3 0.5409486268115942 0.5161406106666666 0.02715791384863131 0.07102627733333333 1
6 0 0.5784173196457327 0.5763662773333333 0.08979674074074073 0.2721550453333333 2
6 1 0.4719551586151368 0.527765204 0.08483064090177134 0.09765663199999997 1
6 3 0.5409487379227054 0.5161354013333332 0.02715704750402581 0.07102617866666672 1
7 0 0.5925407822061192 0.5762900559999999 0.08999126489533027 0.2710152693333333 2
7 1 0.4810079154589372 0.5273336106666666 0.0851585990338164 0.09726394133333333 1
7 3 0.5409488494363929 0.516130192 0.027156181964573367 0.07102607999999994 1
8 0 0.6065471771336555 0.575643756 0.09017930112721417 0.2698774853333334 2
8 1 0.4899525499194847 0.5269023973333333 0.08521084702093396 0.09685790933333333 1
8 3 0.540948960547504 0.5161249826666667 0.027155315619967868 0.07102598133333327 1
9 0 0.6209861115136877 0.5744336293333333 0.09035433735909815 0.2686713973333334 2
9 1 0.49878534017713366 0.5265032666666667 0.08478406843800312 0.09620085866666661 1
9 3 0.5409490716586152 0.516119772 0.02715444927536237 0.07102587999999993 1
10 0 0.6352952620772947 0.5732342573333333 0.09050403945249608 0.26747490933333334 2
10 1 0.507474171095008 0.5261047386666667 0.08407563526570039 0.09553569066666673 1
10 3 0.5409491831723028 0.5161145626666668 0.027153583735909925 0.07102578133333337 1
11 0 0.6494763820450886 0.572045496 0.09062901690821257 0.26628792000000007 2
11 1 0.5160242028985507 0.5257066933333334 0.08309517069243161 0.09486252266666673 1
11 3 0.540949294283414 0.5161093533333334 0.027152717391304315 0.07102568266666676 1
12 0 0.6635312000805154 0.570867204 0.0907298655394525 0.2651103066666667 2
12 1 0.5244403546698873 0.5253090333333333 0.0818526642512078 0.09418150666666669 1
12 3 0.5409494057971014 0.5161041439999999 0.027151850241545872 0.07102558399999997 1
13 0 0.677461402173913 0.5696992453333333 0.09080716505636066 0.26394196799999986 2
13 1 0.5322952749597424 0.525136932 0.07997281400966183 0.09315972533333339 1
13 2 0.48691042069243157 0.5220385559999999 0.013214989533011257 0.08294704266666669 4
13 3 0.540949517310789 0.5160989333333332 0.027150984702093317 0.07102548266666664 1
14 0 0.6912686533816425 0.5685414853333333 0.09086148228663449 0.2627827893333333 2
14 1 0.5399770398550725 0.5249604133333334 0.07783092190016105 0.09214236800000009 1
14 2 0.4851643450080515 0.5221052426666667 0.011003757648953394 0.0829386986666667 4
14 3 0.5409496284219002 0.516093724 0.027150118357487818 0.07102538400000008 1
15 0 0.7049545869565217 0.5673937866666667 0.09089336714975838 0.26163266666666674 2
15 1 0.5474930640096618 0.52477964 0.07544333252818036 0.09112921600000007 1
15 2 0.48340211312399356 0.5221719146666667 0.010072086151368675 0.08293035733333332 4
15 3 0.5409497395330113 0.5160885133333333 0.02714925201288243 0.07102528266666674 1
16 0 0.7188582608695652 0.5659410293333333 0.09091928341384858 0.26031289600000007 2
16 1 0.554850245974235 0.5245947973333334 0.07282641948470203 0.0901201333333333 1
16 2 0.4815394033816425 0.5222385733333333 0.009125067632850314 0.08292201599999999 4
16 3 0.5409498510466989 0.5160833039999999 0.027148386473429875 0.07102518399999991 1
17 0 0.7326273188405796 0.564502676 0.09093863446054751 0.2590062426666668 2
17 1 0.5612972278582931 0.5232668746666667 0.0698602995169082 0.08865956800000002 1
17 2 0.47902944685990345 0.5223052173333333 0.00886302254428345 0.08291367733333344 4
17 3 0.54094996215781 0.5160780946666667 0.027147520128824487 0.07102508533333335 1
18 0 0.7462637085346215 0.5630785106666667 0.09095160547504033 0.2577125093333333 2
18 1 0.5675646022544283 0.5219734973333334 0.06675977938808375 0.08722121333333333 1
18 2 0.4764402157809984 0.5223718466666667 0.008588297906602316 0.08290534133333327 4
18 3 0.5409500732689212 0.5160728826666667 0.027146653784218988 0.07102498666666668 1
19 0 0.7597693365539453 0.561668328 0.09095837681159413 0.25643150933333336 2
19 1 0.5736606187600644 0.520713388 0.063539382447665 0.08580521866666663 1
19 2 0.47418796215781 0.52243846 0.008862628019323693 0.08289700533333344 4
19 3 0.5409501843800322 0.5160676733333334 0.0271457874396136 0.07102488800000001 1
20 0 0.7731460764895329 0.5602719226666667 0.09095912399355877 0.25516305066666667 2
20 1 0.5795929098228663 0.519485344 0.06021317874396137 0.08441173866666668 1
20 2 0.4718796646537842 0.5225050613333333 0.009125066827697315 0.08288867199999994 4
20 3 0.5409502962962963 0.5160624626666667 0.0271449210950081 0.07102478666666667 1
21 0 0.7865828486312401 0.5589610039999999 0.0909174412238326 0.2540037146666666 2
21 1 0.5836903868760064 0.5197814346666667 0.05700678985507246 0.08292408533333334 1
21 2 0.46975130233494367 0.5225716466666667 0.008594591787439598 0.08288033866666672 4
21 3 0.5409504074074074 0.5160572533333333 0.02714405475040249 0.071024688 1
22 0 0.7998993723832528 0.5576618373333334 0.09085883494363933 0.2528538826666667 2
22 1 0.5876571815619969 0.5200620973333334 0.05378499275362325 0.08147966666666673 1
22 2 0.46758936231884063 0.5226382173333333 0.008051529790660206 0.08287200799999994 4
22 3 0.5409505185185185 0.5160520426666666 0.027143188405797103 0.07102458666666667 1
23 0 0.8130972616747181 0.556374268 0.0907837359098228 0.251713432 2
23 1 0.5914996260064412 0.5203283146666666 0.05055454347826083 0.08007618666666672 1
23 2 0.46545089734299516 0.5227047746666666 0.009130599838969466 0.08286367733333333 4
23 3 0.5409506296296296 0.5160468306666667 0.027142322061191604 0.071024488 1
24 0 0.8261781054750403 0.5550981386666667 0.09069256360708533 0.250582256 2
24 1 0.5952235845410627 0.5205810106666667 0.04732187117552333 0.07871151466666665 1
24 2 0.4633009247181964 0.5227713173333333 0.010198604669887257 0.08285534933333338 4
24 3 0.5409507415458937 0.5160416213333333 0.027141455716586105 0.07102438933333333 1
25 0 0.8391434541062801 0.5538332986666666 0.090585724637681 0.24946024000000006 2
25 1 0.5985648212560386 0.518954168 0.04310239130434779 0.07707940266666663 1
25 2 0.461219461352657 0.5228378453333333 0.009803011272141726 0.08284702399999994 4
25 3 0.5409508526570048 0.5160364106666666 0.027140589371980717 0.07102428799999999 1
26 0 0.8519948474235104 0.5525795986666666 0.090463619162641 0.24834727200000006 2
26 1 0.6018064279388083 0.5173794093333333 0.03885152093397748 0.07548444533333332 1
26 2 0.4594311598228663 0.5228363586666667 0.00939345169082123 0.0828387226666667 4
26 3 0.540950963768116 0.5160312013333332 0.027139723027375218 0.07102418933333332 1
27 0 0.8656826046698873 0.5526062906666667 0.09084638325281813 0.24722754666666663 2
27 1 0.6038880756843801 0.5177120213333333 0.037973660225442796 0.07411587200000003 1
27 2 0.4574895201288245 0.522834872 0.00872802737520123 0.08283042133333329 4
27 3 0.5409510748792271 0.5160259893333333 0.02713885668276972 0.0710240906666666 1
28 0 0.8792598679549115 0.552633296 0.09125090177133666 0.24611599466666667 2
28 1 0.6058937491948471 0.51803368 0.037133445249597496 0.07279612266666657 1
28 2 0.4555772093397746 0.5228333853333333 0.008051529790660261 0.08282211999999994 4
28 3 0.5409511863929146 0.5160207786666667 0.027137989533011275 0.07102398933333337 1
29 0 0.8927279859098229 0.5526606093333334 0.09167633735909841 0.24501252533333334 2
29 1 0.6070002459742352 0.5169000853333333 0.033660272946859915 0.07123110399999999 1
29 2 0.4531570527375201 0.5228319 0.008593029790660234 0.08281382133333337 4
29 3 0.5409512979066022 0.5160155693333334 0.02713712399355872 0.0710238906666667 1
30 0 0.9060882814009662 0.5526882280000001 0.09212186876006445 0.24391706399999996 2
30 1 0.6080735615942029 0.5158062653333333 0.03022724396135268 0.06971517600000005 1
30 2 0.4505118514492754 0.5228400186666666 0.009125066827697259 0.08280410133333327 4
30 3 0.5409514090177134 0.5160103573333333 0.02713625764895322 0.07102379199999992 1
31 0 0.9193420595813204 0.5527161493333334 0.09258668760064415 0.24282951999999997 2
31 1 0.6092071090982286 0.5169564053333333 0.029124089371980633 0.06853254933333325 1
31 2 0.4486125849436393 0.5228481346666667 0.009131181159420299 0.08279438666666661 4
31 3 0.540951520531401 0.5160051466666666 0.027135390499194778 0.0710236906666667 1
32 0 0.9308646062801933 0.551538944 0.0928721272141706 0.2421904053333333 2
32 1 0.6102998389694042 0.5180671186666667 0.028060243156199594 0.06739202933333327 1
32 2 0.44678513446054746 0.5228562493333333 0.009125067632850314 0.08278467466666667 4
32 3 0.540951631642512 0.515999936 0.02713452415458928 0.07102358933333336 1
33 0 0.942331323268921 0.5503676746666667 0.09316152576489534 0.24155526933333343 2
33 1 0.6112088643317231 0.51743816 0.027168649758454122 0.0660785226666667 1
33 2 0.4443996219806763 0.5228770533333333 0.009668884863124061 0.08277319466666672 4
33 3 0.5409517427536232 0.515994724 0.02713365780998389 0.07102349066666669 1
34 0 0.9554759814814815 0.5490098386666666 0.08743773107890496 0.24063513333333336 2
34 1 0.6120838329307567 0.51683314 0.026311226247987096 0.06481483999999998 1
34 2 0.4427920507246377 0.5228724746666666 0.010198603864734368 0.08276525333333334 4
34 3 0.5409518542673108 0.5159895146666666 0.027132790660225448 0.07102339200000002 1
35 0 0.9634299082125604 0.5478420466666667 0.07152987761674723 0.23935828000000003 2
35 1 0.6129266231884059 0.5162507173333333 0.02548601932367156 0.06359819733333327 1
35 2 0.43993659702093396 0.5229001706666667 0.009670702898550654 0.08275204266666669 4
35 3 0.5409519653784218 0.5159843026666666 0.02713192431561995 0.07102329333333335 1
36 0 0.9686517177938809 0.5468686906666667 0.0610862584541062 0.2384123253333334 2
36 1 0.6137389786634461 0.515689648 0.024691221417069364 0.06242601599999997 1
36 2 0.43719914251207725 0.5229278586666667 0.009125067632850314 0.08273883199999998 4
36 3 0.540952077294686 0.515979092 0.02713105797101445 0.07102319200000001 1
37 0 0.9738478985507246 0.5459016080000001 0.0506938969404187 0.23746863466666668 2
37 1 0.6145225201288245 0.5151487813333333 0.023925157809983943 0.061295898666666626 1
37 2 0.4353023937198068 0.5228465213333333 0.010338951690821219 0.08277156000000002 4
37 3 0.5409521884057971 0.51597388 0.02713019162640895 0.07102309333333334 1
38 0 0.9814965913848631 0.5469158906666667 0.03539651127214172 0.23657007999999996 2
38 1 0.6146183200483092 0.51585112 0.023197301932367242 0.06017202666666671 1
38 2 0.43354604750402576 0.5227651213333333 0.011540526570048337 0.08280430133333327 4
38 3 0.5409522999194847 0.5159686693333333 0.027129324476650618 0.07102299200000001 1
39 0 0.9891205269726248 0.5473353466666666 0.02014864009661843 0.23414671999999997 2
39 1 0.6147101312399356 0.5165275253333333 0.02249651046698875 0.05908894400000003 1
39 2 0.43103130233494363 0.5226836573333333 0.010206514492753671 0.08283706400000002 4
39 3 0.5409524110305959 0.5159634573333334 0.02712845813204512 0.07102289333333334 1
40 0 0.9967198256843801 0.5462257293333334 0.004950042673107835 0.22713309066666665 2
40 1 0.614798195652174 0.5171794106666667 0.021821275362318704 0.05804446400000002 1
40 2 0.4286780611916264 0.5226021293333334 0.008856682769726287 0.08286983733333331 4
40 3 0.5409525221417069 0.5159582466666667 0.02712759178743951 0.071022792 1
41 1 0.6148827359098228 0.5178080826666667 0.021170196457326873 0.05703654933333335 1
41 2 0.42648362721417066 0.52252054 0.009533809983896968 0.08290262666666665 4
41 3 0.5409526336553945 0.5159530346666666 0.027126724637681288 0.07102269333333328 1
42 1 0.6150093538647343 0.5184147613333333 0.020632768921095 0.05606330399999998 1
42 2 0.4244738578904992 0.522438884 0.010198604669887201 0.08293543199999998 4
42 3 0.5409527447665057 0.5159478239999999 0.027125858293075678 0.07102259199999994 1
43 1 0.6148316002415459 0.517265364 0.020245443639291483 0.05497251466666664 1
43 2 0.42410915096618357 0.5222519386666666 0.01073496859903389 0.0829763306666666 4
43 3 0.5409528562801933 0.515942612 0.027124991143317234 0.07102249333333327 1
44 1 0.614660441626409 0.5161573653333333 0.01987221336553946 0.053922826666666646 1
44 2 0.4211246698872786 0.5221723253333334 0.01127214170692431 0.08300888533333328 4
44 3 0.5409529677938809 0.5159374013333333 0.02712412399355879 0.07102239200000005 1
45 1 0.614495516505636 0.515088564 0.01951230998389697 0.052911965333333255 1
45 2 0.41906855756843797 0.5220924933333333 0.010475442028985482 0.08304177066666674 4
45 3 0.5409530789049919 0.5159321893333333 0.027123257648953403 0.07102229333333326 1
46 1 0.6143364907407407 0.51405692 0.019165018518518484 0.051937823999999966 1
46 2 0.4168308019323671 0.5220120453333332 0.009661835748792258 0.08307577599999993 4
46 3 0.5409531904186795 0.5159269773333333 0.02712239049919485 0.0710221946666666 1
47 1 0.6141830515297907 0.5130605213333332 0.01882967632850252 0.05099843999999998 1
47 2 0.414960693236715 0.5220227333333334 0.010880057971014545 0.08309613866666671 4
47 3 0.5409533015297907 0.5159217666666667 0.02712152415458935 0.07102209333333337 1
48 1 0.6136159118357487 0.513261708 0.018483851046698807 0.05011706933333332 1
48 2 0.41293918357487924 0.5220334253333334 0.01207729468599028 0.08311650933333337 4
48 3 0.5409534130434783 0.5159165546666666 0.027120657004830906 0.0710219946666667 1
49 1 0.6130690314009661 0.5134564293333334 0.018150499194847014 0.04926566933333332 1
49 2 0.41071376690821254 0.522044124 0.010479912238325229 0.08313688800000002 4
49 3 0.5409535241545893 0.5159113439999999 0.027119790660225407 0.07102189333333325 1
50 1 0.6125413425925925 0.513644992 0.01782895571658616 0.048442735999999986 1
50 2 0.40837238727858294 0.5220548253333334 0.008856682769726232 0.083157272 4
50 3 0.5409536356682769 0.515906132 0.027118923510467075 0.0710217946666667 1
51 1 0.6120318530595813 0.5138276826666667 0.017518607890499194 0.04764685866666668 1
51 2 0.40659629025764893 0.5220655053333334 0.010073747987117576 0.08317772000000001 4
51 3 0.5409537471819645 0.5159009186666667 0.02711805636070863 0.07102169333333336 1
52 1 0.6115396376811594 0.5140047693333334 0.01721887761674723 0.046876733333333365 1
52 2 0.404740712962963 0.5220760373333333 0.01127214251207731 0.08319848000000002 4
52 3 0.5409538582930757 0.5158957066666667 0.02711719001610302 0.07102159466666669 1
53 1 0.6112556739130435 0.514021752 0.016919352657004838 0.04609172266666661 1
53 2 0.4019073683574879 0.5218946306666667 0.010367865539452459 0.08320167200000006 4
53 3 0.5409539698067632 0.515890496 0.02711632286634469 0.07102149333333335 1
54 1 0.6109814033816425 0.514038412 0.01662936714975838 0.045332498666666776 1
54 2 0.39906191264090174 0.5217130933333334 0.00939345169082123 0.08320476266666665 4
54 3 0.5409540813204509 0.515885284 0.027115455716586245 0.07102139466666668 1
55 1 0.610666268921095 0.514054752 0.016448565217391353 0.0445977973333333 1
55 2 0.39718331280193236 0.5215314253333333 0.010223728663446008 0.08320775733333335 4
55 3 0.540954192431562 0.5158800706666666 0.027114589371980635 0.07102129333333335 1
56 1 0.610291656199678 0.5140707786666666 0.01641280032206116 0.04388644800000002 1
56 2 0.39539225724637683 0.521349632 0.011003757648953338 0.08321066133333332 4
56 3 0.5409543039452496 0.5158748586666666 0.027113722222222192 0.07102119466666668 1
57 1 0.6099288381642511 0.5140864973333333 0.016378244766505623 0.04319734666666669 1
57 2 0.3941189641706924 0.521056888 0.01071328421900164 0.08327637866666665 4
57 3 0.5409544154589372 0.515869648 0.02711285507246375 0.07102109333333334 1
58 1 0.6093734979871175 0.5138274613333333 0.016076266505636094 0.04247813333333328 1
58 2 0.3914982479871175 0.5207731666666666 0.010466988727858284 0.08329332 4
58 3 0.5409545265700484 0.5158644346666666 0.02711198872785825 0.071020992 1
59 1 0.6088361614331723 0.513577064 0.01578511996779397 0.04178248533333334 1
59 2 0.38901778381642516 0.5204892453333333 0.010217883252818083 0.08331031466666666 4
59 3 0.540954638083736 0.5158592226666666 0.027111121578099806 0.07102089333333333 1
60 1 0.6083159661835749 0.51333488 0.015504235104669917 0.04110925866666665 1
60 2 0.3866937644927536 0.5202051240000001 0.00993021980676323 0.08332736266666668 4
60 3 0.5409547495974236 0.5158540106666667 0.027110254428341363 0.07102079466666666 1
61 1 0.6078121050724637 0.5131005133333334 0.015233086151368758 0.0404573946666667 1
61 2 0.38465071819645735 0.5199208066666666 0.011422685990338188 0.08334446666666667 4
61 3 0.5409548611111112 0.5158487973333333 0.02710938727858292 0.07102069333333333 1
62 1 0.6073238184380032 0.512873588 0.014971179549114422 0.039825885333333366 1
62 2 0.38291694283413846 0.5196626826666667 0.012882447665056362 0.08333202133333334 4
62 3 0.5409549718196458 0.5158435866666667 0.027108520128824476 0.07102059200000005 1
63 1 0.6069513119967793 0.5126319293333332 0.01472401046698868 0.039210999999999996 1
63 2 0.3806203393719807 0.5194046186666667 0.011683311594202939 0.08331960533333338 4
63 3 0.5409550833333334 0.5158383733333334 0.027107652979066033 0.0710204906666666 1
64 1 0.6065900253623189 0.5123977106666666 0.014484862318840497 0.03861481866666672 1
64 2 0.3781607729468599 0.5191466173333333 0.01046698872785834 0.08330722399999996 4
64 3 0.5409551948470209 0.5158331613333333 0.027106785829307478 0.07102039200000004 1
65 1 0.606239459742351 0.512170592 0.014253354267310892 0.038036495999999975 1
65 2 0.376792615942029 0.518888676 0.010071064412238373 0.08329487199999996 4
65 3 0.5409553063607085 0.5158279480000001 0.027105918679549035 0.07102029066666671 1
66 2 0.375285114331723 0.5186307973333333 0.009661835748792313 0.08328255466666662 4
66 3 0.5409554178743962 0.515822736 0.02710505152979059 0.07102019199999993 1
67 2 0.37289543115942025 0.5189530546666666 0.009395475845410617 0.08325631733333333 4
67 3 0.5409555293880838 0.5158175226666667 0.027104184380032148 0.0710200906666667 1
68 2 0.37038114049919485 0.519275092 0.009125066827697315 0.08323013066666668 4
68 3 0.5409556404991949 0.5158123093333333 0.02710331803542676 0.07101998933333337 1
69 2 0.3679904750402576 0.519596912 0.009663843800322092 0.08320399999999989 4
69 3 0.540955751610306 0.5158070973333333 0.02710245008051526 0.07101989066666659 1
70 2 0.3658794420289855 0.5198716800000001 0.010198603864734312 0.08312945066666672 4
70 3 0.5409558631239936 0.515801884 0.027101582930756818 0.07101978933333336 1
71 2 0.36465534863123994 0.5191810466666666 0.009929637681159398 0.08307311733333339 4
71 3 0.5409559746376812 0.515796672 0.027100715780998375 0.07101969066666669 1
72 2 0.3633116501610306 0.5184914106666666 0.009661834943639314 0.0830167733333333 4
72 3 0.5409560861513688 0.5157914586666666 0.02709984863123993 0.07101958933333335 1
73 2 0.36128850966183573 0.5178027693333334 0.009661352657004851 0.08296041866666665 4
73 3 0.5409561976650563 0.5157862453333333 0.027098981481481488 0.07101948800000002 1
74 2 0.3591440587761675 0.517115124 0.009661835748792258 0.08290405599999995 4
74 3 0.5409563087761675 0.5157810333333334 0.0270981135265701 0.07101938933333335 1
75 2 0.35739534782608695 0.516428468 0.00966142028985506 0.08284768266666664 4
75 3 0.540956420289855 0.51577582 0.027097246376811546 0.07101928800000001 1
76 2 0.35552369685990337 0.5157428013333334 0.009661836553945258 0.08279129866666668 4
76 3 0.5409565318035428 0.5157706066666666 0.027096379227053213 0.07101918666666668 1
77 3 0.5409566433172304 0.5157653933333333 0.02709551207729477 0.07101908533333334 1
