0 0 0.39925791867954913 0.4738534946666667 0.028693325281803572 0.0777244133333333 1
0 1 0.7626035080515299 0.49216085066666665 0.016371444444444383 0.16848266133333334 4
0 2 0.7731642628824477 0.48928808133333335 0.02039720853462157 0.1660017786666666 4
0 3 0.8954869504830918 0.4807502186666667 0.1269057238325283 0.14314634133333337 8
0 15 0.41041529388083736 0.478613384 0.023138465378421902 0.06039211199999994 1
0 16 0.42281444524959744 0.4667634413333333 0.04088024637681159 0.043936626666666645 1
1 0 0.3994255209339775 0.47464582666666666 0.028582030595813213 0.07793135466666667 1
1 1 0.7659505756843801 0.4926263466666667 0.017935824476650652 0.16828729066666664 4
1 2 0.772363629227053 0.49025727333333335 0.020438219806763303 0.1658369893333334 4
1 3 0.895643444847021 0.4807983986666667 0.1270115483091787 0.14316968800000007 8
1 15 0.4104808071658615 0.4786147013333334 0.023308173107890462 0.060428026666666634 1
1 16 0.4239893800322061 0.466667588 0.04078459903381643 0.043845229333333346 1
2 0 0.39959389090177133 0.4754422 0.028469942834138506 0.07813907733333336 1
2 1 0.7689888035426732 0.49309051866666664 0.019323673107890516 0.1680914266666666 4
2 2 0.7714974347826087 0.49122444 0.020397209339774625 0.1656726026666666 4
2 3 0.8957999975845411 0.4808465906666667 0.12711685024154584 0.14319294666666665 8
2 15 0.41054640901771333 0.47861601466666664 0.023477838969404197 0.06046394933333332 1
2 16 0.42516073188405795 0.46657198533333333 0.04067915780998388 0.04375365600000003 1
3 0 0.3997630338164251 0.4762426453333333 0.028357057971014454 0.07834758399999997 1
3 1 0.7635831980676329 0.49355335866666666 0.01888347665056367 0.1678950693333333 4
3 2 0.7720930289855072 0.49218958133333335 0.022315312399355913 0.16550862399999994 4
3 3 0.8959566082930757 0.4808947946666666 0.1272216320450884 0.1432161279999999 8
3 15 0.4106120998389694 0.4786173226666666 0.02364746215780994 0.060499877333333285 1
3 16 0.4257112226247987 0.4665228506666667 0.0404633502415459 0.04362838933333335 1
4 0 0.39993295611916263 0.4770471906666667 0.028243376006441223 0.07855688266666655 1
4 1 0.7577915454911432 0.4940148573333334 0.018250134460547573 0.1676982213333334 4
4 2 0.7727838212560387 0.4931527 0.024154589371980673 0.165345048 4
4 3 0.8961132765700484 0.480943012 0.12732588969404202 0.143239224 8
4 15 0.41067787962962965 0.478618628 0.02381703945249597 0.06053580533333336 1
4 16 0.42626139210950076 0.46647901999999997 0.040156022544283354 0.04351111199999996 1
5 0 0.4001036618357488 0.47785586666666663 0.028128892109500758 0.0787669706666666 1
5 1 0.7598627234299518 0.494475012 0.01913962238325284 0.16750088266666663 4
5 2 0.7727709484702093 0.49411379599999994 0.023931022544283476 0.16518187466666662 4
5 3 0.8962700024154588 0.48099124 0.12742962479871178 0.14326223999999999 8
5 15 0.410743749194847 0.47861993066666664 0.023986570853462175 0.06057173866666665 1
5 16 0.42902406239935587 0.46785204799999996 0.03922958856682773 0.04344122666666661 1
6 0 0.40027515861513685 0.47866870533333333 0.028013603864734282 0.07897785333333329 1
6 1 0.762076096215781 0.49499127333333337 0.019860438808373626 0.16749503733333332 4
6 2 0.772057364331723 0.49423352666666664 0.023617822061191562 0.16500891466666662 4
6 3 0.8964267850241546 0.48103948266666663 0.12753283574879237 0.14328517333333335 8
6 15 0.41111851972624797 0.4793131 0.023724598228663463 0.06066300533333335 1
6 16 0.4317937749597423 0.46918086133333337 0.0378588317230274 0.043454192 1
7 0 0.40044745048309177 0.47948573466666666 0.027897509661835684 0.07918953866666673 1
7 1 0.7603871203703703 0.49550725333333334 0.019023467793880866 0.167488272 4
7 2 0.7700521650563608 0.494352232 0.020719906602254423 0.16483133866666666 4
7 3 0.8985121634460547 0.48356069599999996 0.12855494685990332 0.14397111466666662 8
7 15 0.41149442109500806 0.4800083026666666 0.023461040257649057 0.06075470133333333 1
7 16 0.43322471497584536 0.4713211386666667 0.03784656199677944 0.043468277333333305 1
8 0 0.4006205434782608 0.4803069866666666 0.027780605475040188 0.07940202666666657 1
8 1 0.7583603003220611 0.4960229386666667 0.017981750402576546 0.16748058133333332 4
8 2 0.7678420998389694 0.4944698946666667 0.017444980676328492 0.164649176 4
8 3 0.9006185503220612 0.486106692 0.12958499114331712 0.14465505866666667 8
8 15 0.41187145813204507 0.48070554 0.023195900161030625 0.06084683466666663 1
8 16 0.4346574826892109 0.47342400133333334 0.03783431481481486 0.04356260000000001 1
9 0 0.4014236155394525 0.48044361599999996 0.027798744766505568 0.07985851733333327 1
9 1 0.7620882347020934 0.49653832000000003 0.019677984702093476 0.16747196266666664 4
9 2 0.7685445990338164 0.49458650000000004 0.016222077294685944 0.16446246666666658 4
9 3 0.9027462592592592 0.48867782666666665 0.13062314814814824 0.14533685333333335 8
9 15 0.412249634863124 0.48140482133333334 0.02292917954911433 0.06093940799999997 1
9 16 0.43571273309178743 0.473277172 0.03602550483091793 0.04337886666666668 1
10 0 0.4022354790660225 0.48058179333333334 0.02781781159420288 0.0803201733333333 1
10 1 0.7655126767310789 0.4970533813333333 0.021202361513687595 0.16746242133333333 4
10 2 0.7692641586151369 0.4947020306666667 0.014761138486312442 0.16427124533333337 4
10 3 0.9048956070853462 0.49127447066666663 0.13166960225442836 0.14601633866666663 8
10 15 0.41262895652173914 0.48210615199999995 0.022660879227053177 0.06103242133333331 1
10 16 0.43677096296296297 0.47306326800000004 0.03387920128824473 0.043308061333333314 1
11 0 0.4030562805958132 0.48072154266666667 0.027837841384863116 0.08078709066666673 1
11 1 0.7633369331723027 0.4975799893333333 0.02213210950080513 0.16770300800000004 4
11 2 0.7675498578904992 0.49454111866666667 0.014921118357487995 0.16435397066666668 4
11 3 0.9107164541062802 0.491846204 0.1330678776167471 0.14677191199999995 8
11 15 0.4144038063607085 0.48202358133333334 0.022648060386473434 0.06123124266666663 1
11 16 0.4393008079710145 0.47274598 0.03197349677938799 0.04320829066666659 1
12 0 0.40388616787439613 0.48086289066666665 0.02785886876006438 0.08125935466666662 1
12 1 0.7608270068438003 0.498107884 0.022812667471819537 0.16794334133333322 4
12 2 0.7656904987922706 0.49438004 0.015029522544283469 0.16443667199999995 4
12 3 0.9166005744766506 0.4924235533333333 0.134493696457327 0.14753311733333335 8
12 15 0.41587770128824475 0.48195573466666664 0.022664763285024148 0.061434365333333296 1
12 16 0.44181796095008047 0.4724290546666667 0.029898192431562 0.0430985146666667 1
13 0 0.40472529428341386 0.48100586666666667 0.02788092995169089 0.0817370613333333 1
13 1 0.7612694194847021 0.49863705866666674 0.01944851046698881 0.16818341333333336 4
13 2 0.7665095466988727 0.49421879333333335 0.015189545893719791 0.164519352 4
13 3 0.9196386191626409 0.4931342613333333 0.13012694847020945 0.1480446986666667 8
13 15 0.4173609911433172 0.48188742799999995 0.022680755233494332 0.06163884000000003 1
13 16 0.444021385668277 0.4722084813333333 0.028443225442834064 0.04304723466666671 1
14 0 0.4068751666666667 0.4811675733333333 0.027817716586151342 0.08253487999999998 1
14 1 0.7615277612721417 0.4991675053333334 0.015834675523349384 0.16842322399999998 4
14 2 0.767354464573269 0.4940573813333333 0.015297906602254496 0.16460201600000007 4
14 3 0.9220439528985508 0.4931056733333333 0.12531628099838965 0.14949858933333332 8
14 15 0.419043270531401 0.48120880666666666 0.022677410628019257 0.06184127733333339 1
14 16 0.44621915297906606 0.47198809199999997 0.0269214975845411 0.04299129866666662 1
15 0 0.4090650004025765 0.4813322986666667 0.027757008856682752 0.08334786666666677 1
15 1 0.7649691807568438 0.49969921866666667 0.019001564412238325 0.16866276266666663 4
15 2 0.769509019726248 0.4938958 0.01773923107890496 0.1646846560000001 4
15 3 0.9245040656199678 0.493076244 0.12039605555555566 0.1509880613333333 8
15 15 0.4207362548309179 0.4805256533333333 0.02267311996779392 0.06204512000000001 1
15 16 0.4486785305958132 0.47175588933333334 0.025814977455716648 0.042926328000000014 1
16 0 0.41133733172302733 0.481544656 0.027747394524959723 0.08431925333333334 1
16 1 0.7696235076489533 0.5003195760000001 0.022007514492753733 0.16930025599999998 4
16 2 0.7728854971819645 0.49431960666666663 0.020128823671497598 0.16525836533333343 4
16 3 0.9270208405797101 0.49304588800000004 0.11536250563607098 0.1525145333333333 8
16 15 0.42335800563607084 0.48071535066666665 0.02275101288244774 0.0622634906666667 1
16 16 0.4511298764090177 0.4715243 0.0246819573268921 0.04285931466666659 1
17 0 0.41366030032206125 0.48176181733333334 0.027742495974235115 0.08531293600000006 1
17 1 0.772868578099839 0.5009444453333333 0.021214663446054827 0.16994164799999995 4
17 2 0.775735635668277 0.49474547466666663 0.020467050724637725 0.16582920533333323 4
17 3 0.9306484468599034 0.49330392933333334 0.10810729307568445 0.15401201333333336 8
17 15 0.4259974339774557 0.4809063626666667 0.022827950080515247 0.06248325333333338 1
17 16 0.45402011392914654 0.47128311333333334 0.02331886392914656 0.04281515999999996 1
18 0 0.41602006763285027 0.48198394133333333 0.027773830917874387 0.08632969599999996 1
18 1 0.7757757049114331 0.5015738666666667 0.020128823671497487 0.17058698133333328 4
18 2 0.7783114637681159 0.49517336133333334 0.020397207729468625 0.1663971333333334 4
18 3 0.9343633192431562 0.49356766799999996 0.10067754830917874 0.15555001333333335 8
18 15 0.4285421847826087 0.479319328 0.022914826892109552 0.06270076266666663 1
18 16 0.4569041119162641 0.47104234 0.021919958132045114 0.042767912000000075 1
19 0 0.41829013969404183 0.48221119866666673 0.028098413043478265 0.08737034933333337 1
19 1 0.7786527262479872 0.5022078719999999 0.02280419323671501 0.17123628799999996 4
19 2 0.7816315450885668 0.49565926399999993 0.019183347826086994 0.16742945066666665 4
19 3 0.93816863647343 0.49383726666666666 0.0930669138486313 0.15713023999999998 8
19 15 0.43110423470209336 0.4777209253333333 0.023000844605475024 0.0629202880000001 1
19 16 0.4595776296296296 0.4707697413333333 0.02094436392914656 0.04267333866666667 1
20 0 0.42135081763285026 0.4798843973333333 0.028514767310789058 0.088703808 1
20 1 0.782005443236715 0.5021212266666667 0.025228126409017615 0.17231631999999997 4
20 2 0.7849492403381643 0.4961512733333333 0.01771336473429952 0.16847453599999995 4
20 3 0.9420677330917875 0.4941128973333333 0.08526872061191637 0.1587544933333333 8
20 15 0.4338386038647343 0.474805584 0.02307063123993558 0.063138064 1
20 16 0.46223941465378426 0.4704983306666667 0.019958578099838975 0.04257779733333328 1
21 0 0.42450758413848627 0.4774844106666667 0.0289442954911433 0.09007985066666668 1
21 1 0.7870157826086956 0.5020333213333333 0.024228334943639296 0.17340700000000003 4
21 2 0.7911477979066023 0.496643352 0.020909888888888783 0.16954492800000004 4
21 3 0.9460641107085347 0.49439474000000005 0.07727596537842185 0.16042468000000004 8
21 15 0.4368660144927536 0.47189551333333335 0.02340307246376816 0.06404232800000004 1
21 16 0.46480902979066024 0.46665402 0.016656613526569997 0.042608040000000014 1
22 0 0.42776502455716586 0.4750077466666667 0.029387685185185197 0.09150055466666657 1
22 1 0.7918771095008053 0.5019335506666667 0.022812666666666703 0.17452966133333325 4
22 2 0.798006943236715 0.497153612 0.023886205314009645 0.17061560799999997 4
22 3 0.9503232246376812 0.4954335346666666 0.06875773752012893 0.16218295733333327 8
22 15 0.4399775861513687 0.46890027466666667 0.023736819645732654 0.06497408533333326 1
22 16 0.4678381187600644 0.462807596 0.01494135829307569 0.042603847999999944 1
23 0 0.4303961570048309 0.47559462799999996 0.02984604991948464 0.09297372533333331 1
23 1 0.7940265559581321 0.501820272 0.02083724557165867 0.17568773333333332 4
23 2 0.7994888035426732 0.49766947066666667 0.019394169082125545 0.1716941306666666 4
23 3 0.9546934001610305 0.49650433866666666 0.06001738647343002 0.16398386666666664 8
23 15 0.4429787117552335 0.471943256 0.024091136876006447 0.06594168533333328 1
23 16 0.4710526413043478 0.4625524533333333 0.014931747987117494 0.04262422933333326 1
24 0 0.4331132415458937 0.47620052133333335 0.03031942190016096 0.0944945573333334 1
24 1 0.7959103985507245 0.50170498 0.01851851851851849 0.17685836533333332 4
24 2 0.8008770998389694 0.49819100666666666 0.01449275362318847 0.17278053599999998 4
24 3 0.9590895241545894 0.495032488 0.05122513848631238 0.16581307733333328 8
24 15 0.4460655732689211 0.47507767599999995 0.024447320450885712 0.06693691466666668 1
24 16 0.4742699025764895 0.462297092 0.014922837359098273 0.042644632000000016 1
25 0 0.4359205527375202 0.4768263613333333 0.030808596618357498 0.09606541066666663 1
25 1 0.8016903301127214 0.5015876466666667 0.02454931400966187 0.178041752 4
25 2 0.8086849979871176 0.4989135706666667 0.019016805958132044 0.17433909333333342 4
25 3 0.9636045833333333 0.4935279773333333 0.04219502012882448 0.16767478133333324 8
25 15 0.44893238003220615 0.47931778399999997 0.024836927536231845 0.06796227200000005 1
25 16 0.47712388244766507 0.4620642026666667 0.015652893719806715 0.04259270933333331 1
26 0 0.43882265016103056 0.47747314399999996 0.031314429146537814 0.09768879466666663 1
26 1 0.8064993417874395 0.5015271453333333 0.030327427536231855 0.17938378400000005 4
26 2 0.8164037628824476 0.49964923466666666 0.023349435587761702 0.17592566400000004 4
26 3 0.9682433683574879 0.4917613106666667 0.03291745008051539 0.16868982133333332 8
26 15 0.45134883534621584 0.4747976626666667 0.025050794685990307 0.06896244533333334 1
26 16 0.47997151610305955 0.46183190799999996 0.0163746328502416 0.042540221333333295 1
27 0 0.440480134863124 0.47954834 0.03185757890499186 0.09940532000000007 1
27 1 0.814648578904992 0.5014643853333334 0.02488849597423526 0.18073759733333328 4
27 2 0.82096772705314 0.5003983546666667 0.023637534621578027 0.17754101866666666 4
27 3 0.9730269923510467 0.496580688 0.023350202093397776 0.16757144000000007 8
27 15 0.45332748590982286 0.4756641306666667 0.025317124798711843 0.0699976266666667 1
27 16 0.4809078836553945 0.46221328666666667 0.019233487117552295 0.04251231733333327 1
28 0 0.4421968578904992 0.48169678266666666 0.03241602818035427 0.10117867999999997 1
28 1 0.8227029754428341 0.5013993746666667 0.0190552874396136 0.18210329866666675 4
28 2 0.8203196449275363 0.5023455346666666 0.02361781964573273 0.178016648 4
28 3 0.977976921095008 0.5013506573333333 0.013450344605475117 0.1665125039999999 8
28 15 0.45536320128824476 0.47655695733333336 0.025585273752012916 0.0710641973333333 1
28 16 0.4818370430756844 0.46259694133333334 0.021964092592592577 0.04247329600000005 1
29 0 0.4406087222222222 0.484152564 0.033154513687600695 0.10347098399999999 1
29 1 0.8205454706119162 0.5013321266666667 0.0241114838969404 0.18348101066666672 4
29 2 0.8205854480676328 0.5043028079999999 0.026695722222222162 0.17849262933333326 4
29 3 0.9804300623993559 0.5060618013333333 0.008544061996779373 0.16660550666666674 8
29 15 0.4536309963768116 0.4808114306666667 0.026271029790660316 0.07217443466666673 1
29 16 0.47943170088566833 0.4669430253333333 0.022704995974235087 0.042475341333333305 1
30 0 0.4389472157809984 0.4867219 0.0339276247987117 0.1058699866666667 1
30 1 0.8099404504830918 0.50880288 0.028985506441223885 0.18359381333333336 4
30 2 0.8207150253623188 0.5062701786666667 0.0297906594202898 0.17896893866666663 4
30 3 0.9829438438003221 0.5107861786666666 0.003516499194847089 0.16671961066666663 8
30 15 0.4518462125603865 0.4852006653333333 0.02698269726247987 0.07331912800000001 1
30 16 0.47702626771336554 0.47128594 0.023434050724637723 0.042481709333333395 1
31 0 0.4344653136070854 0.4879485413333333 0.03474632286634466 0.10835922133333326 1
31 1 0.81031863647343 0.5085699346666667 0.02524200402576493 0.18404442933333337 4
31 2 0.8131024553140097 0.508689956 0.027713282608695655 0.17943767733333327 4
31 3 0.9820415933977455 0.510421384 0.005321000000000131 0.16852761600000005 8
31 15 0.44803608534621575 0.4863655733333333 0.027286703703703674 0.07462665066666663 1
31 16 0.47217844484702093 0.47357282266666667 0.02401695732689202 0.04248311733333332 1
32 0 0.4297685676328502 0.4892347266666666 0.035607210950080515 0.11096853066666668 1
32 1 0.8107424738325282 0.5083343973333333 0.021470746376811567 0.18448963199999996 4
32 2 0.8054605966183574 0.5111187386666667 0.025496512077294642 0.1798910986666667 4
32 3 0.9811324847020935 0.5100408573333333 0.007139217391304409 0.17035322399999997 8
32 15 0.4440952318840579 0.48757278 0.027616483091787436 0.0759819759999999 1
32 16 0.46732994162640895 0.4758585093333333 0.02459363687600641 0.042486058666666604 1
33 0 0.422713134863124 0.49059115200000003 0.036541008856682766 0.11374620266666668 1
33 1 0.7996613599033816 0.5080963173333333 0.020123663446054874 0.18492936533333337 4
33 2 0.7997778164251208 0.51355602 0.02254860547504023 0.18032905866666665 4
33 3 0.9802163361513687 0.50964458 0.008971514492753685 0.17219732533333332 8
33 15 0.4370331662640902 0.48520212933333334 0.0283271231884058 0.07739878133333333 1
33 16 0.45940937037037033 0.47248739733333334 0.02626716264090173 0.04243993600000001 1
34 0 0.41529754830917875 0.49201775999999997 0.03753029468599034 0.11666675199999998 1
34 1 0.7886124822866345 0.5078557493333333 0.018786903381642572 0.18536355733333337 4
34 2 0.7896890471014493 0.5116667386666667 0.019592055555555543 0.18040851200000008 4
34 3 0.979292959742351 0.5092325213333333 0.010818267310789165 0.17406080266666657 8
34 15 0.42971666747181964 0.4827418253333333 0.029096162640901868 0.07886652 1
34 16 0.4514720736714976 0.4691181626666666 0.027870462962963027 0.04237433600000001 1
35 0 0.40527002133655393 0.49482144399999994 0.0387622214170692 0.1202566373333333 1
35 1 0.7770860805152979 0.5062603960000001 0.023407555555555515 0.1853672133333334 4
35 2 0.7814956650563607 0.509775616 0.01872540418679547 0.18048698666666668 4
35 3 0.9783621622383253 0.5088046186666667 0.012679862318840662 0.1759445440000001 8
35 15 0.41981870169082125 0.49003696399999996 0.03021664170692434 0.0804367013333333 1
35 16 0.44117299919484704 0.4711156813333333 0.030064803542673157 0.04243024266666673 1
36 0 0.39461175925925923 0.49780295733333335 0.04008755394524954 0.12407657066666666 1
36 1 0.7657269066022545 0.5046643573333334 0.028180354267310803 0.18536668266666667 4
36 2 0.7733230853462157 0.5078826853333334 0.017981748792270436 0.18056447999999997 4
36 3 0.9728718188405797 0.5085796213333333 0.023660549114331797 0.1800695306666667 8
36 15 0.41140948188405796 0.491681704 0.030631318035426736 0.08221200533333328 1
36 16 0.43080167793880836 0.47312142 0.0321040064412238 0.04247903200000003 1
37 0 0.383261556763285 0.500979708 0.04151743075684383 0.12814940533333335 1
37 1 0.7543905430756843 0.5030677653333333 0.02458028743961338 0.18536199466666664 4
37 2 0.7641884158615136 0.5055089706666667 0.020240831723027375 0.18131309333333334 4
37 3 0.9673860402576491 0.508292428 0.0346321062801932 0.18422964533333336 8
37 15 0.3994696964573269 0.4897148693333333 0.03152969082125606 0.08409007999999996 1
37 16 0.41796954468599035 0.47133555866666665 0.03220788808373598 0.042599634666666664 1
38 0 0.37038987318840577 0.4995933106666667 0.0433071038647343 0.13311332533333337 1
38 1 0.7432269524959743 0.5014707426666667 0.02120236070853465 0.18535317066666668 4
38 2 0.7548289476650565 0.5031152373333334 0.02254428341384862 0.18206593066666665 4
38 3 0.9619045929951691 0.5079365893333333 0.04559500080515311 0.18830981333333335 8
38 15 0.3870026642512077 0.4876571133333333 0.032541726247987124 0.08604890400000004 1
38 16 0.4050358796296296 0.469570496 0.03232679468599037 0.04278674666666665 1
39 0 0.35648908655394523 0.49810107866666664 0.045270424315620006 0.13845262133333341 1
39 1 0.7304586884057971 0.499873416 0.024208365539452492 0.18534025066666665 4
39 2 0.7410963800322061 0.5025113546666666 0.023604964573268883 0.1816523253333333 4
39 3 0.956427250805153 0.5065516493333333 0.05654968518518533 0.18886638133333328 8
39 15 0.3727348647342995 0.4855244146666667 0.03385728341384858 0.08812381600000008 1
39 16 0.3910789955716586 0.4657428493333333 0.032582411433172365 0.043204439999999955 1
40 0 0.3414325402576489 0.49649102533333334 0.04743779227053141 0.14421181599999994 1
40 1 0.712255420289855 0.5024071786666667 0.027375201288244777 0.18578104533333334 4
40 2 0.7275821006441223 0.501909248 0.0249597423510467 0.18123305066666667 4
40 3 0.9509537938808375 0.50517896 0.06749659903381644 0.18939078399999992 8
40 15 0.35779750603864735 0.4832871906666667 0.035332424315620004 0.09029363466666673 1
40 16 0.3769414255233494 0.4618232253333333 0.03285809098228665 0.043704130666666674 1
41 0 0.32401625603864737 0.5032731426666667 0.050129354267310744 0.1514404186666667 1
41 1 0.6993888631239935 0.5049528893333334 0.027407800322061138 0.18622268000000003 4
41 2 0.7099593768115942 0.5013090266666667 0.022258096618357537 0.1808082826666666 4
41 3 0.9426425652173913 0.5087802880000001 0.0841190563607086 0.18967317333333333 8
41 15 0.3411252596618357 0.48791004000000004 0.03646664009661832 0.09300411200000003 1
41 16 0.359098712962963 0.46617475466666664 0.035187128019323666 0.043980069333333316 1
42 0 0.30481811352657007 0.5107584986666667 0.053161731078904984 0.15944105599999997 1
42 1 0.6866559170692432 0.5075105813333334 0.02764358454106286 0.18666516800000005 4
42 2 0.6919838478260869 0.5067400466666666 0.01986044122383268 0.18123157066666667 4
42 3 0.9343865793075685 0.5123887626666667 0.1006310281803543 0.18989923733333325 8
42 15 0.3234948687600644 0.4928141733333333 0.037803199677938826 0.09588997333333338 1
42 16 0.34095739291465377 0.47060942133333333 0.03738999677938809 0.04428388266666661 1
43 0 0.2835565314009662 0.5190584039999999 0.0566159259259259 0.168343864 1
43 1 0.6643518679549114 0.5100802973333334 0.02272238003220617 0.1871085039999999 4
43 2 0.6741532693236715 0.5121963266666667 0.02073547262479858 0.1816545413333333 4
43 3 0.9261845430756844 0.515995132 0.11703510064412237 0.19008572000000007 8
43 15 0.30103647544283413 0.49862097866666666 0.040025416264090175 0.09917865600000009 1
43 16 0.3177438164251208 0.4743203653333333 0.038198156199677924 0.044826266666666614 1
44 0 0.2585371461352657 0.528693856 0.0626890346215781 0.179394432 1
44 1 0.642322093800322 0.512662072 0.01798175120772949 0.18755269866666674 4
44 2 0.6493980390499194 0.5149313506666666 0.02173913123993565 0.18213879200000005 4
44 3 0.9156488929146538 0.5212629280000001 0.13810640096618365 0.189684128 8
44 15 0.2771118925120773 0.5048280186666667 0.04261660789049915 0.10271141333333322 1
44 16 0.29385416143317233 0.47814266 0.03908873832528176 0.04539284533333332 1
45 0 0.22981724838969406 0.5396235373333333 0.07046805394524963 0.1919848773333333 1
45 1 0.6191395527375201 0.5151239946666667 0.022767377616747186 0.18853722133333323 4
45 2 0.622220501610306 0.5176801946666666 0.02138966827697264 0.18262125866666662 4
45 3 0.902675669484702 0.5265241013333334 0.15377484138486308 0.1891566826666667 8
45 15 0.24748190901771336 0.5075418333333334 0.046636888888888894 0.10726472266666676 1
45 16 0.265465827294686 0.48321632133333337 0.041555900966183584 0.046212216000000084 1
46 0 0.19723720531400965 0.5521163746666666 0.07917450241545892 0.20645798133333326 1
46 1 0.5957070450885669 0.517609996 0.02764358454106275 0.18952167199999997 4
46 2 0.5949556541867955 0.520442804 0.021202361513687706 0.18310194933333335 4
46 3 0.872533903784219 0.53159848 0.14912905233494378 0.1876202933333333 8
46 15 0.21263736151368762 0.513563016 0.05012449275362321 0.11180762666666672 1
46 16 0.23603254750402577 0.48846016133333336 0.044132289855072504 0.047157586666666695 1
47 0 0.1593636578099839 0.5613087706666667 0.092003576489533 0.22331706133333334 1
47 1 0.5659333981481481 0.5201985146666667 0.025785577294686002 0.1910097706666667 4
47 2 0.5681044851046699 0.5227651773333334 0.023357620772946897 0.18473428000000008 4
47 3 0.8430210060386474 0.536556064 0.14486144847020932 0.186158528 8
47 15 0.17498026570048308 0.5200916986666667 0.054305487922705314 0.11675613333333335 1
47 16 0.20075409380032205 0.4931049093333334 0.04632095249597426 0.04853541333333339 1
48 0 0.11533258977455717 0.572050964 0.10706405072463768 0.24298406666666672 1
48 1 0.5356737077294687 0.5228228226666667 0.0238862045088567 0.19249421600000005 4
48 2 0.5406808248792271 0.525126848 0.025496511272141698 0.1863841386666667 4
48 3 0.811143459742351 0.5318678426666666 0.14005523832528177 0.18541805866666672 8
48 15 0.13415487560386474 0.527192224 0.05930010064412239 0.12216646399999997 1
48 16 0.16347508091787438 0.4980150346666667 0.048810690016103025 0.050022709333333304 1
49 0 0.06735431521739131 0.5850878826666668 0.1300026239935588 0.2669458240000001 1
49 1 0.5026662218196457 0.5254832093333334 0.026238282608695707 0.19397548533333336 4
49 2 0.5104523401771337 0.5275285919999999 0.02503023752012884 0.188052016 4
49 3 0.779613440821256 0.5272147293333334 0.13569291384863125 0.18454269066666662 8
49 15 0.08641222020933978 0.5301292386666667 0.06603289130434781 0.12821966133333335 1
49 16 0.11905076006441223 0.499979784 0.05200529146537841 0.05184095466666666 1
50 0 0.04447881119162641 0.5981924040000001 0.08895762238325282 0.2905329306666667 1
50 1 0.46724467713365536 0.5246009626666667 0.02844873913043483 0.198098928 4
50 2 0.4761818884863124 0.525192044 0.024422973429951644 0.1913869946666666 4
50 3 0.7484230104669887 0.5225957093333333 0.13176742995169077 0.18353754666666666 8
50 15 0.03555423148148148 0.5332304466666666 0.07110846296296296 0.13460863733333328 1
50 16 0.06613934299516908 0.49710286666666664 0.05761673913043479 0.05412450133333324 1
51 0 0.018009726650563607 0.6065079093333332 0.03601945330112721 0.30395444799999993 1
51 1 0.433928826489533 0.523679132 0.027867630434782575 0.20239346400000002 4
51 2 0.44491881441223835 0.5227680106666667 0.022668760869565152 0.194823248 4
51 3 0.7175643405797101 0.5180099 0.12826933655394523 0.18240825866666666 8
51 16 0.02207655797101449 0.49935916533333335 0.04415311594202898 0.056178197333333346 1
52 1 0.39867964049919485 0.5227153026666667 0.026570049114331695 0.20687022133333333 4
52 2 0.4120359363929147 0.5202527973333333 0.02039720933977457 0.19836625066666658 4
52 3 0.6879745334138485 0.5169574973333333 0.12594275764895324 0.1837005733333334 8
53 1 0.361311827294686 0.5221747973333334 0.028311665861513624 0.212957632 4
53 2 0.37596849718196457 0.5207023706666667 0.02509778019323672 0.2041579733333334 4
53 3 0.6580794279388084 0.5155094026666667 0.12397264009661835 0.18565832533333332 8
54 1 0.3206363631239936 0.5216005453333333 0.02898550724637683 0.21940571999999992 4
54 2 0.33653294323671495 0.5211774133333333 0.028985508051529774 0.21028386133333332 4
54 3 0.627871402173913 0.5140081120000001 0.12237977053140092 0.187589968 8
55 1 0.2796197616747182 0.525607992 0.0331456425120773 0.2289206986666667 4
55 2 0.29327227254428345 0.521680464 0.026775459742351015 0.21677451200000003 4
55 3 0.5973424287439614 0.512453512 0.12118135829307564 0.18948964266666674 8
55 6 0.960766769726248 0.485924868 0.04480036070853477 0.0764829093333334 1
56 1 0.2333714770531401 0.5300376613333333 0.035426728663446067 0.23948090133333333 4
56 2 0.24581805273752014 0.5283689573333333 0.023081050724637675 0.2271740533333333 4
56 3 0.5675408341384863 0.5188594533333333 0.1221882769726248 0.1937266453333334 8
56 6 0.9131408695652173 0.49317531200000003 0.04237611272141706 0.07567046933333332 1
57 1 0.1875327620772947 0.5350407653333333 0.03632712962962964 0.25161826666666665 4
57 2 0.20063546698872786 0.535731448 0.03305801771336553 0.2386200693333334 4
57 3 0.5366921042673107 0.525537216 0.1237051843800322 0.19809345066666662 8
57 6 0.8668785861513688 0.500205016 0.04031071980676337 0.07491291200000005 1
58 1 0.12279345531400966 0.541771244 0.0343531956521739 0.26833772 4
58 2 0.1479974806763285 0.543875096 0.041331185185185165 0.251278928 4
58 3 0.5047358156199678 0.5324989133333333 0.1257898309178745 0.20259306933333326 8
58 6 0.8232371078904992 0.5067592453333334 0.03859826247987119 0.07431591466666665 1
59 1 0.0625583502415459 0.549189256 0.07175405314009661 0.28660659200000005 4
59 2 0.0884318764090177 0.5510189746666666 0.038290128019323674 0.2696394319999999 4
59 3 0.4716066731078905 0.5397570573333333 0.1285028132045089 0.20722856266666662 8
59 4 0.9799092117552335 0.6299991813333333 0.009585763285024251 0.228339984 1
59 6 0.7806675096618358 0.5131396613333333 0.0371683574879228 0.07375513599999994 1
60 1 0.01631185305958132 0.5554716746666667 0.03262370611916264 0.3089573013333333 4
60 2 0.024217113929146536 0.5593791213333332 0.03032742914653784 0.2910458373333332 4
60 3 0.4376834311594203 0.5423880106666668 0.13423730354267316 0.21586976000000002 8
60 4 0.9608928128019324 0.6436241199999999 0.04761856119162644 0.25966992533333333 1
60 6 0.740031691626409 0.5123914333333334 0.036000655394524905 0.07289365599999997 1
61 3 0.4012544279388084 0.5452207973333334 0.14119811191626402 0.22518717866666665 8
61 4 0.9423336211755233 0.6439261386666667 0.08473694444444446 0.2642333493333333 1
61 6 0.7028563502415459 0.5028262546666666 0.035569011272141626 0.07295999200000003 1
62 3 0.362021596215781 0.5482798173333334 0.1496268961352657 0.23526150133333334 8
62 4 0.9237631835748792 0.6433344586666667 0.12011706763285024 0.26757246933333334 1
62 5 0.9097579186795491 0.5882282386666666 0.09572010305958134 0.1991196933333333 1
62 6 0.6652804569243156 0.5041451306666667 0.03520900241545888 0.07336310399999996 1
63 3 0.319636538647343 0.5515935653333333 0.15981645893719804 0.24618693866666658 8
63 4 0.8927441376811595 0.6454687960000001 0.12099941545893711 0.2691724826666667 1
63 5 0.8741636920289855 0.5916390866666666 0.0934755483091787 0.1996427386666666 1
63 6 0.6273282665056361 0.5054722733333333 0.03507096779388086 0.07376517066666666 1
63 8 0.8236066900161031 0.5396652053333333 0.03892620933977464 0.11221576533333327 1
64 3 0.2762652890499195 0.5549087213333334 0.17303605958132048 0.262885176 8
64 4 0.861457596215781 0.6475355026666667 0.12139085426731078 0.27061487733333334 1
64 5 0.8386213727858294 0.594999796 0.09099338003220614 0.20011245066666666 1
64 6 0.5931117045088566 0.504557832 0.03546080998389689 0.07513681066666661 1
64 8 0.7886970684380032 0.537642344 0.03760605958132046 0.11087326933333336 1
65 3 0.2274306582125604 0.5586340773333334 0.1897189170692432 0.2817850453333333 8
65 4 0.8299048107890499 0.6495322253333333 0.12134526247987132 0.27189223733333334 1
65 5 0.8073765692431563 0.5884034226666667 0.08954692431562006 0.19751621066666664 1
65 6 0.5574769158615137 0.503605164 0.03611910547504027 0.07654365599999996 1
65 8 0.7553782419484703 0.5357202933333334 0.03645214573268918 0.1096234453333334 1
66 3 0.17769629307568438 0.5634144093333333 0.2115281417069243 0.30407793866666655 8
66 4 0.8124011896135266 0.6482995186666667 0.12620507487922705 0.277737832 1
66 5 0.7763673373590982 0.5818509266666667 0.08798788405797098 0.19483473866666656 1
66 6 0.524296443236715 0.5019068866666667 0.03718859017713361 0.07802398133333333 1
66 8 0.7237862133655395 0.5339187093333333 0.035459008051529906 0.1084742826666667 1
67 3 0.12045975925925927 0.5689733813333333 0.2392291046698873 0.330057312 8
67 4 0.7940112846215781 0.646989848 0.13080872383252817 0.2836890346666666 1
67 5 0.7527658892914654 0.5767204506666667 0.08817293639291468 0.1942657173333333 1
67 6 0.49379761714975845 0.49762683066666663 0.03840615217391302 0.07997298399999997 1
67 8 0.6960837814009662 0.5278736706666667 0.03498696537842194 0.10791111733333336 1
68 3 0.10133991626409018 0.5760375626666667 0.20267983252818036 0.3625236693333334 8
68 4 0.7746663558776168 0.6455968613333334 0.13513912560386476 0.2897525493333334 1
68 5 0.7289016827697262 0.5715288133333334 0.0881946135265701 0.19359936 1
68 6 0.4665382379227053 0.49348004 0.039688965378421925 0.08260411200000006 1
68 8 0.6730054726247987 0.52201404 0.03476370370370363 0.10764950399999995 1
69 3 0.07998608172302737 0.572706476 0.15997216344605475 0.361000168 8
69 4 0.754291131642512 0.6441136626666667 0.13917973349436397 0.29593608266666666 1
69 5 0.7113001082930757 0.5704470066666667 0.09031835185185177 0.19630145333333338 1
69 6 0.4408380628019324 0.49017864 0.04156459259259265 0.08552826133333341 1
69 8 0.6530488059581321 0.516097464 0.034700837359098236 0.10772181333333336 1
70 3 0.05536879871175523 0.5674290826666667 0.11073759742351046 0.35259366400000003 8
70 4 0.751979805958132 0.6533549466666666 0.1493504235104669 0.3125174666666666 1
70 5 0.7010373739935587 0.5706192506666667 0.09322338083735915 0.20134712533333332 1
70 6 0.4178245462962963 0.48556462533333333 0.043521778582930715 0.08890216266666667 1
70 8 0.6385437298711756 0.5158912613333333 0.034978538647343016 0.10923881066666663 1
70 9 0.6356026400966184 0.5064474626666667 0.03367348953301119 0.09017917599999997 1
70 10 0.6268895197262481 0.504318564 0.02516532608695654 0.0747636026666667 1
71 3 0.03493649355877617 0.5800973773333333 0.06987298711755234 0.34983573599999995 8
71 4 0.7495020084541063 0.6636386693333333 0.16036516344605478 0.3310264693333333 1
71 5 0.6902054363929147 0.5706803706666667 0.09610490660225446 0.20691635199999991 1
71 6 0.39709414855072467 0.486647748 0.04599939371980677 0.0924492506666667 1
71 8 0.6264420748792271 0.5157489866666667 0.035367626409017694 0.11094766933333333 1
71 9 0.6245036477455717 0.5101748226666667 0.03402018921095018 0.09156814133333335 1
71 10 0.6146463808373591 0.5061552533333333 0.025240127214170682 0.07577349333333339 1
72 4 0.746840654589372 0.6751525613333333 0.17234704025764902 0.35181858933333326 1
72 5 0.6854350809178744 0.577301056 0.10266287359098225 0.21546572266666658 1
72 6 0.3784547644927536 0.49980883066666665 0.04859801529790664 0.09633535733333332 1
72 8 0.6156671714975845 0.5156079146666667 0.03583464895330113 0.11282187733333332 1
72 9 0.6130802330917875 0.5140180746666666 0.03434074154589373 0.09300457599999995 1
72 10 0.6020501195652175 0.5080352053333334 0.025425330917874356 0.07681306133333338 1
73 4 0.7527196988727858 0.689501836 0.18792343800322053 0.3775829626666666 1
73 5 0.680336558373591 0.5843814946666667 0.1095035982286634 0.2252253253333334 1
73 6 0.3592374730273752 0.5097908853333333 0.05152970289855069 0.10067458133333335 1
73 8 0.6080710748792271 0.5220863626666667 0.03652247987117552 0.11525910933333339 1
73 9 0.6046329983896941 0.5195155506666667 0.03505126731078889 0.09499769866666674 1
73 10 0.5939020861513687 0.5121815773333334 0.025812491143317295 0.07818302133333332 1
73 13 0.5797142946859903 0.5008437986666667 0.01774648470209339 0.05252372533333338 1
74 4 0.7595436256038648 0.706093712 0.2057494202898551 0.40753900266666676 1
74 5 0.6799014814814814 0.592165276 0.11661752334943642 0.23668699466666665 1
74 6 0.343227461352657 0.5111149293333334 0.05449744927536232 0.10535303200000007 1
74 8 0.6001335700483091 0.5286576306666666 0.037242697262479973 0.11820803466666663 1
74 9 0.5959161815619967 0.5251710973333333 0.035752081320450935 0.09712358133333332 1
74 10 0.5854672351046699 0.5164393626666667 0.02632640096618366 0.07960652800000001 1
74 13 0.5725928909017713 0.5014816026666666 0.017898326086956517 0.053107535999999955 1
75 4 0.7758120475040258 0.7297505 0.23297345088566823 0.45077301066666675 1
75 5 0.6794644247181965 0.600700292 0.12428535829307563 0.24936241866666664 1
75 6 0.3267559883252818 0.5125371693333334 0.05782943719806766 0.11052566133333341 1
75 8 0.5963779516908212 0.5275757013333333 0.03810574879227058 0.1207826826666667 1
75 9 0.5898282246376811 0.5279882413333333 0.03680923832528182 0.09907080800000001 1
75 10 0.5822537145732689 0.516533736 0.027423875201288306 0.08078679466666666 1
75 13 0.5653203136070853 0.502133144 0.01804476086956508 0.05370469866666666 1
76 4 0.7955535132850241 0.7453388080000001 0.26637381400966187 0.47732238399999993 1
76 5 0.6843240499194847 0.6085078880000001 0.132848346215781 0.2640245333333334 1
76 6 0.30868992069243156 0.514105872 0.061692730273751994 0.11622775466666668 1
76 8 0.5924974315619969 0.5310916826666667 0.03909028341384857 0.12427002666666664 1
76 9 0.5858195881642512 0.529253804 0.03773917632850243 0.10135432266666666 1
76 10 0.5741886235909823 0.5219399653333334 0.02759551127214166 0.08267985066666667 1
76 13 0.5582469734299517 0.50436108 0.018210447665056417 0.05441299199999999 1
77 4 0.8258601320450885 0.7466820493333333 0.31114465861513685 0.47463590133333333 1
77 5 0.6897667520128825 0.6172713266666667 0.1424737745571658 0.28051626933333346 1
77 6 0.28878465096618355 0.5158449426666667 0.06620297181964574 0.12254504266666666 1
77 7 0.43625650080515294 0.499559132 0.02365759742351048 0.047499032 1
77 8 0.5884012049114331 0.5347962693333332 0.04012867391304353 0.12796427199999993 1
77 9 0.5819912628824477 0.5317210213333333 0.03873478019323662 0.10388532266666667 1
77 10 0.5698153981481482 0.5229619466666666 0.02819133252818029 0.08429290666666661 1
77 13 0.5534417342995169 0.5062714973333333 0.01853716425120777 0.05514377333333337 1
78 4 0.8321217616747183 0.748246492 0.30516066344605475 0.471507016 1
78 5 0.6959047608695652 0.62717816 0.15337189855072464 0.299201664 1
78 6 0.27129065660225443 0.5187036306666667 0.07173246296296298 0.12960492533333334 1
78 7 0.4281885152979066 0.4990767146666667 0.024522016103059652 0.04870697066666674 1
78 8 0.584070790257649 0.5387051106666667 0.04122553864734302 0.13188414133333343 1
78 9 0.5779905817230273 0.5343039493333334 0.039753482286634445 0.10654658133333333 1
78 10 0.565279458132045 0.5240237826666667 0.028792009661835594 0.08597042399999999 1
78 13 0.5485257061191626 0.5082262786666667 0.01886428824476649 0.05589533066666663 1
79 4 0.8375976316425121 0.750091652 0.294208923510467 0.467816696 1
79 5 0.7028812181964573 0.6384685586666667 0.16581208534621572 0.32054790133333333 1
79 6 0.25178178059581324 0.5219115653333333 0.07818448389694038 0.13752769599999992 1
79 7 0.4196875048309179 0.49856953066666665 0.025461470209339754 0.04997771200000001 1
79 8 0.583877921095008 0.53773364 0.04253588566827704 0.1356521386666667 1
79 9 0.5758221775362319 0.5320956786666666 0.04106247906602256 0.10876647733333333 1
79 10 0.5633895768921096 0.523257448 0.02971983333333339 0.08756862399999998 1
79 13 0.546255884057971 0.5068069506666667 0.019195549114331634 0.056588167999999994 1
80 4 0.8456433860708534 0.7523821853333333 0.27811741465378426 0.4632356293333333 1
80 5 0.7108816509661836 0.6514552133333333 0.18014507487922704 0.3451646133333333 1
80 6 0.23394636392914653 0.5250860613333334 0.08487095652173915 0.14591536 1
80 7 0.4137379569243156 0.4976337373333333 0.02632478341384864 0.051340936000000004 1
80 8 0.5836722149758454 0.536640408 0.04393069565217389 0.13978318399999995 1
80 9 0.5735514903381642 0.5297853306666667 0.042418821256038686 0.11107569066666673 1
80 10 0.5614252673107891 0.5224624853333333 0.030674745571658613 0.08922576000000004 1
80 13 0.5439217004830919 0.5053476466666667 0.01953192109500812 0.057297416000000045 1
81 4 0.8556322101449276 0.7552082266666666 0.2581397665056361 0.4575835466666667 1
81 5 0.727221291062802 0.667446148 0.20185990096618356 0.37835953866666655 1
81 6 0.2139387608695652 0.528672468 0.09271233494363926 0.15539203466666662 1
81 7 0.407438289452496 0.4966444213333333 0.027262863929146564 0.052780064000000015 1
81 8 0.5834523389694042 0.5352717333333333 0.0454185974235104 0.14459686399999994 1
81 9 0.5736335821256039 0.5310055866666666 0.04396480515297907 0.11427176 1
81 10 0.5606533385668278 0.522129172 0.03155421175523354 0.09121880266666665 1
81 13 0.5415203747987117 0.5038466533333333 0.01987347584541066 0.058023658666666644 1
82 4 0.868362134057971 0.75878234 0.23267991867954918 0.45043532 1
82 5 0.7468208743961353 0.6869095333333334 0.22863841706924315 0.41865831466666675 1
82 6 0.1913333458132045 0.53275652 0.10200297020933977 0.1661845386666666 1
82 7 0.4012627971014493 0.5005790253333333 0.02825520128824477 0.0546339013333334 1
82 8 0.5848019206924315 0.5384368546666667 0.04715182367149762 0.15007989599999993 1
82 9 0.5737229883252818 0.5323012026666667 0.04559733896940421 0.11765801600000003 1
82 10 0.559846480273752 0.5217830506666666 0.03247018115942024 0.09330281600000001 1
82 13 0.5390489677938808 0.5023021573333334 0.02022028180354274 0.058767504000000026 1
83 4 0.8943091171497585 0.765295472 0.1807859524959743 0.4374090559999999 1
83 5 0.7707935471014493 0.7111097626666667 0.26239660789049934 0.468623216 1
83 6 0.1666238385668277 0.539797696 0.11307109420289853 0.17880689600000005 1
83 7 0.39346437278582935 0.49803496133333336 0.029578644122383257 0.056175144000000066 1
83 8 0.5862580535426731 0.5418516666666666 0.04902073027375209 0.1559952853333333 1
83 9 0.5738205853462158 0.5336793586666666 0.04732402898550725 0.12125200266666669 1
83 10 0.5590022612721417 0.5214234 0.033424991143317206 0.09548421333333335 1
83 11 0.5497268220611916 0.5110672933333333 0.031185855072463742 0.08243934399999997 1
83 13 0.536504362721417 0.5007122333333334 0.020572401771336568 0.059529586666666745 1
84 4 0.9320792403381642 0.7773806866666666 0.10524570611916273 0.41323862666666666 1
84 5 0.8039208627214172 0.7298745493333333 0.3078209911433173 0.5082509013333334 1
84 6 0.13813594766505635 0.547997872 0.12653997906602255 0.193506032 1
84 7 0.3877336678743961 0.4984551093333333 0.03086586392914653 0.058062751999999995 1
84 8 0.587603210547504 0.5455469239999999 0.05150335185185184 0.16239627466666662 1
84 9 0.5744914541062802 0.532221296 0.04911048953301134 0.1251292 1
84 10 0.558118018921095 0.5210494493333333 0.03442117954911439 0.09777001333333335 1
84 11 0.5499057165861514 0.5114289626666667 0.03200570853462159 0.08436715200000006 1
84 13 0.5360199516908213 0.499484952 0.02095052334943648 0.060512869333333386 1
85 5 0.8234258409822867 0.7292644866666667 0.3225525048309179 0.5094710266666667 1
85 6 0.1082650768921095 0.557253208 0.14218778180354266 0.21034852799999992 1
85 7 0.38160830877616747 0.498906508 0.032270973429951666 0.060081960000000045 1
85 8 0.5913935338164251 0.5476324613333334 0.054578064412238225 0.16996715733333334 1
85 9 0.576519788647343 0.5337106013333334 0.051222157004831015 0.12964920266666674 1
85 10 0.5571908305152979 0.5206603679999999 0.03546151127214159 0.10016794133333329 1
85 11 0.5500937544283414 0.5118079440000001 0.03286343156199667 0.08638714666666669 1
85 13 0.5355192830112722 0.4981885226666667 0.02134030837359102 0.06158256000000001 1
86 5 0.8319939935587761 0.7292901279999999 0.30541619967793887 0.509419744 1
86 6 0.0769957693236715 0.5682337573333334 0.153991538647343 0.23032179733333324 1
86 7 0.3761166851851852 0.5018742039999999 0.03373840579710141 0.06245021066666656 1
86 8 0.5955366449275362 0.5499205866666667 0.05799576328502409 0.17827799466666666 1
86 9 0.5786945297906603 0.5353115546666667 0.0535015845410628 0.1345077013333334 1
86 10 0.5589768756038648 0.5230133586666667 0.036820031400966124 0.10326537866666663 1
86 11 0.550995463768116 0.5150179373333333 0.033848916264090145 0.08856811999999997 1
86 13 0.5354461996779387 0.4995027546666666 0.02177535265700492 0.06268771733333328 1
87 5 0.8424748140096618 0.729321468 0.28445455877616754 0.509357064 1
87 6 0.062374471819645734 0.5830691933333333 0.12474894363929147 0.25433883999999995 1
87 7 0.37021513768115943 0.5050657853333334 0.03534777133655398 0.06501213600000005 1
87 8 0.6000846417069243 0.5524423279999999 0.06181505475040261 0.18744283733333333 1
87 9 0.5815640873590983 0.5417347226666667 0.05605469645732697 0.13987339199999993 1
87 10 0.5608689939613527 0.5255085746666667 0.03827043075684389 0.10656005600000001 1
87 11 0.5519413538647342 0.518293412 0.034886206924315544 0.09105132533333338 1
87 13 0.5353708091787439 0.5008650546666666 0.0222254879227054 0.06383336266666667 1
88 5 0.8555892125603866 0.7293606453333333 0.2582257616747182 0.5092787093333333 1
88 6 0.04512273510466989 0.5892444013333333 0.09024547020933978 0.2576627493333333 1
88 7 0.3640826896135266 0.5090706733333333 0.037177231078905026 0.06783125066666668 1
88 8 0.6059318276972625 0.5583414106666668 0.06627707246376824 0.19777470933333335 1
88 9 0.5848603232689211 0.543543916 0.0588230040257649 0.1455856399999999 1
88 10 0.5628769565217391 0.528159344 0.03982219001610299 0.11007132800000002 1
88 11 0.553570958132045 0.5223764506666666 0.03606204669887281 0.09375875199999995 1
88 13 0.5349733900966183 0.50016794 0.022666992753623272 0.06502404533333328 1
89 5 0.8724724476650564 0.72941102 0.22445929146537846 0.5091779599999999 1
89 6 0.024460799114331723 0.5944757546666667 0.048921598228663446 0.25877459199999997 1
89 7 0.357456711352657 0.5134006133333333 0.0391948317230274 0.0709030186666667 1
89 8 0.6124256880032206 0.5649329813333334 0.07135595732689204 0.2093180853333334 1
89 9 0.5884311622383253 0.5454364066666666 0.06185949194847029 0.1519463333333334 1
89 10 0.5650117805958133 0.5309807173333333 0.041486116747181945 0.11382117333333336 1
89 11 0.5546526964573268 0.5221325626666666 0.037233499194846975 0.09622254933333341 1
89 13 0.5366665430756844 0.5037021346666667 0.023271187600644172 0.06632480800000001 1
90 5 0.8950217814009662 0.7295704306666666 0.1793606239935588 0.5088591386666667 1
90 7 0.3506485314009662 0.516671192 0.0413764589371981 0.07412538666666668 1
90 8 0.6196811296296296 0.5724316533333333 0.07718196135265709 0.2224694719999999 1
90 9 0.592312633252818 0.547501752 0.06520405716586142 0.15888802666666674 1
90 10 0.5674500048309179 0.5317169986666667 0.0431271900161031 0.11782541600000002 1
90 11 0.5557959500805153 0.5218797266666667 0.03847707568437997 0.09881983733333338 1
90 13 0.5377409271336553 0.5045622093333333 0.023849503220611967 0.06768798666666664 1
91 5 0.9286717576489533 0.731921464 0.1120606714975847 0.5041570719999999 1
91 7 0.3432466235909823 0.52023134 0.04380178180354266 0.07765293066666673 1
91 8 0.6285152322866345 0.581153448 0.08382425040257646 0.23857077866666665 1
91 9 0.5965473933172303 0.5497647666666666 0.06890475925925921 0.16649414133333335 1
91 10 0.5700668578904992 0.5325157773333333 0.0449118236714976 0.1221228026666667 1
91 11 0.557006134863124 0.5216175653333334 0.03979959178743964 0.10156181333333336 1
91 13 0.5388587395330112 0.505457764 0.024454305152979083 0.0691084133333334 1
92 5 0.9799524702093398 0.7355330306666666 0.009499246376811654 0.49693393866666663 1
92 7 0.3348167077294686 0.5233445133333333 0.046541698872785864 0.08144957066666669 1
92 8 0.6386201847826087 0.5912360493333333 0.09171677053140093 0.2571840186666667 1
92 9 0.6020625909822865 0.55388128 0.07372054750402579 0.17603707200000002 1
92 10 0.5728828220611917 0.5333788613333333 0.04685909983896941 0.12675951466666668 1
92 11 0.558289326489533 0.5212490013333333 0.04120874154589371 0.10465437066666661 1
92 13 0.5395748349436393 0.5069901186666667 0.025050120772946882 0.07063495733333336 1
93 7 0.3258634617552335 0.5249960213333333 0.04951372222222222 0.08533013866666667 1
93 8 0.6502968285024154 0.6030248680000001 0.10122030595813203 0.2789467386666667 1
93 9 0.6082119339774557 0.558498388 0.07919110144927533 0.18674025333333327 1
93 10 0.5759216533816425 0.5341994560000001 0.04899155152979062 0.13200716266666668 1
93 11 0.5596523582930757 0.5208213826666667 0.04271324637681162 0.10801607733333335 1
93 13 0.5403212298711755 0.5085875333333334 0.025673140901771307 0.07223026666666665 1
94 7 0.3160445479066023 0.5268156906666667 0.05286219243156204 0.08959942933333331 1
94 8 0.6642114847020933 0.6175343773333333 0.11407699033816421 0.30587231733333325 1
94 9 0.6151124883252819 0.5637133186666667 0.085455000805153 0.19882897866666666 1
94 10 0.5796315946054751 0.537193624 0.05189076731078912 0.13785811733333336 1
94 11 0.562071034621578 0.523018208 0.04452709661835763 0.11179332800000003 1
94 13 0.5412641195652175 0.5094169586666667 0.026433309983896813 0.07409382133333337 1
95 7 0.3055968498389694 0.5218079626666666 0.05662436634460544 0.09355497600000001 1
95 8 0.6808593055555555 0.635144436 0.13016120692431565 0.33855122400000004 1
95 9 0.6229122942834138 0.569650216 0.09269184943639297 0.2125909173333333 1
95 10 0.5836687636876007 0.5404654906666667 0.05509057085346214 0.14425171733333336 1
95 11 0.5646573989533011 0.5253743053333333 0.046488231078904985 0.1158443706666667 1
95 13 0.5422560020128824 0.5102907986666666 0.027236430756843677 0.0760562053333333 1
96 7 0.294221425120773 0.5310435853333333 0.06076600644122382 0.09960090400000005 1
96 8 0.7011559484702093 0.6569677653333332 0.15076157004830915 0.3790480479999999 1
96 9 0.6320663309178745 0.5784782093333334 0.10107895008051526 0.22832672266666665 1
96 10 0.5880787306763284 0.5440555693333333 0.058638900966183516 0.15126712799999997 1
96 11 0.5674296107085346 0.527907644 0.048614852657004826 0.12020009333333331 1
96 13 0.5433008043478261 0.511212716 0.028086219001610235 0.07812550133333324 1
97 7 0.2814712520128824 0.534781772 0.06554784702093394 0.10565271733333326 1
97 8 0.7269568752012883 0.6852179026666667 0.1785499951690821 0.43230469066666666 1
97 9 0.6425901702898551 0.5887177266666667 0.11099128904991962 0.24657858400000005 1
97 10 0.5929159923510468 0.5480126546666666 0.06259422302737527 0.15899970400000007 1
97 11 0.5704085611916264 0.5306390106666666 0.05092822866344604 0.12489621333333334 1
97 13 0.5444680309983896 0.51260208 0.028992886473430013 0.0803479946666667 1
98 7 0.26717961070853463 0.5389906053333333 0.07110651771336551 0.11248723733333321 1
98 8 0.7603644363929146 0.7223730853333333 0.21683754589371973 0.5032986986666668 1
98 9 0.6548208800322062 0.6007367213333333 0.12286551207729468 0.26800239200000003 1
98 10 0.5980243268921095 0.5522395146666667 0.06651779388083734 0.16813809066666668 1
98 11 0.57339421215781 0.5335537093333333 0.05337738405797099 0.1302856533333333 1
98 13 0.5457010036231884 0.5140711786666667 0.029955712560386427 0.082700624 1
99 7 0.25104752133655395 0.5437650893333333 0.0776323550724638 0.12026642933333331 1
99 8 0.8053751276167472 0.72837722 0.27206363365539454 0.51124556 1
99 9 0.6692176876006442 0.6150432013333333 0.13731633494363937 0.29350370400000003 1
99 10 0.6037241944444445 0.5569813973333333 0.07099954025764899 0.17839089066666663 1
99 11 0.576637173510467 0.5367313733333333 0.05607506360708536 0.1361611359999999 1
99 13 0.5467951235909823 0.5133135186666666 0.030959459742351036 0.084975896 1
100 7 0.2328053534621578 0.5465348640000001 0.08553903864734294 0.12865758933333332 1
100 8 0.8392174838969404 0.7296883413333333 0.2909692190016103 0.5086233173333333 1
100 9 0.6864236662640901 0.6323588866666667 0.15523508776167472 0.32436902666666667 1
100 10 0.6101257753623188 0.5623385413333334 0.07616197101449285 0.18997519999999996 1
100 11 0.5801724472624799 0.5402092693333334 0.059059934782608736 0.1425915093333333 1
100 13 0.5479547693236715 0.5124163946666667 0.0320282890499195 0.08757679466666662 1
101 7 0.21190843679549115 0.5497484306666667 0.0949923421900161 0.13831192800000003 1
101 8 0.8551404758454106 0.7314122306666666 0.25912323510466995 0.5051755386666668 1
101 9 0.7089059255233494 0.6532219026666667 0.17967965136876007 0.36542250400000004 1
101 10 0.6173687246376811 0.5684389986666667 0.08216498550724649 0.20316841866666668 1
101 11 0.5845809838969405 0.5455144186666666 0.06267739452495968 0.1501108213333333 1
101 13 0.5491860217391304 0.51145516 0.03316869404186795 0.09035705066666672 1
101 14 0.4656777218196457 0.479131488 0.016754279388083715 0.04123066666666664 1
102 7 0.18772755314009665 0.5535208706666667 0.10645512882447664 0.14953904266666668 1
102 8 0.8768098619162641 0.7337802266666666 0.21578446296296305 0.5004395466666667 1
102 9 0.7373904569243155 0.6801312573333332 0.21221563043478253 0.4183737039999999 1
102 10 0.6267249871175524 0.5800952853333333 0.09047409017713359 0.21936955200000002 1
102 11 0.5894553538647342 0.5512529106666667 0.06675436151368752 0.158781656 1
102 12 0.570114425925926 0.5236686213333334 0.04588684057971015 0.11569048533333343 1
102 13 0.5504957387278583 0.5104309666666667 0.034388055555555574 0.09331939466666661 1
102 14 0.4634343466183575 0.47615556000000003 0.017707535426731036 0.04291651733333335 1
103 7 0.16031129468599037 0.5635603826666666 0.12029987600644124 0.16362834399999993 1
103 8 0.9080212093397746 0.7383752493333333 0.15336176811594204 0.4912495013333333 1
103 9 0.7747378136070854 0.7161336133333334 0.25732682206119173 0.48932566400000005 1
103 10 0.6375949629629629 0.593315252 0.10043783413848639 0.2392584666666666 1
103 11 0.5948742258454106 0.5576522053333334 0.07138080434782612 0.16850596800000006 1
103 12 0.5730726763285025 0.528807536 0.04825823510466987 0.12062850133333342 1
103 13 0.5520270088566828 0.5140723466666667 0.035714703703703776 0.09648236799999999 1
103 14 0.46027368478260866 0.4807244466666667 0.01838201690821256 0.044911341333333354 1
104 7 0.12783412077294687 0.575534372 0.137633268921095 0.18061687733333343 1
104 8 0.9576776574074074 0.7423673933333332 0.05404887198067643 0.4832652133333334 1
104 9 0.8245268369565217 0.7279713053333333 0.32035051288244765 0.5120573893333333 1
104 10 0.6503844694041868 0.6089534773333334 0.11257696296296293 0.263055552 1
104 11 0.6009352077294686 0.56483396 0.07667111433172291 0.17948670933333338 1
104 12 0.5762836143317229 0.5343169186666666 0.05086632206119168 0.12618540533333333 1
104 13 0.5536626099033817 0.517969548 0.037140952495974155 0.09986752266666665 1
104 14 0.4568141453301128 0.48574021866666667 0.019142503220611895 0.047102565333333346 1
105 7 0.08873529146537842 0.590197644 0.15982482769726247 0.20175802400000004 1
105 9 0.836106349436393 0.728270144 0.29719148792270533 0.511459712 1
105 10 0.6656610583735909 0.627746532 0.12764726811594207 0.2920215600000001 1
105 11 0.6077609726247988 0.572951784 0.0827728164251208 0.19198221333333337 1
105 12 0.5797812616747182 0.5401852946666666 0.05374739613526569 0.13257497333333323 1
105 13 0.5554136090982287 0.5221505066666667 0.03867832769726254 0.10349912000000006 1
105 14 0.45301115418679544 0.491271772 0.020005448470209353 0.049520695999999975 1
