0 0 0.4119922057165861 0.6293390746666667 0.07326892190016099 0.5164820853333333 4
0 1 0.3568100611916264 0.6810703626666667 0.08695652173913043 0.5574174346666665 4
0 5 0.39752972504025763 0.46078060666666665 0.013419216586151361 0.14677028533333325 4
0 6 0.42959447423510466 0.43980577733333337 0.012614062801932446 0.1436300666666666 4
0 7 0.44483069726247987 0.44479080533333337 0.01180890982286631 0.126257232 4
0 8 0.462866384057971 0.4499579533333333 0.010198603864734368 0.1216345253333333 4
0 9 0.4191809440418679 0.428319004 0.02370115861513683 0.11958184800000005 2
1 0 0.42217505595813204 0.633118092 0.06653082850241543 0.5227198266666668 4
1 1 0.36415569363929146 0.67887968 0.07981806521739127 0.5623300853333333 4
1 5 0.3988043095813204 0.4617848826666666 0.014839593397745598 0.14789819733333326 4
1 6 0.4300946147342995 0.43786578266666665 0.013379944444444458 0.14353357066666667 4
1 7 0.44415408454106287 0.4448232973333333 0.011009697262479856 0.12703373066666657 4
1 8 0.46192516586151366 0.44857457200000006 0.010396645732689225 0.12220272266666671 4
1 9 0.4174522214170693 0.428843872 0.02447316103059577 0.12012719466666666 2
2 0 0.43211344283413844 0.636988608 0.0590445507246376 0.5291069226666667 4
2 1 0.3736581763285024 0.6797447253333333 0.07219538325281805 0.568555744 4
2 5 0.3998209653784219 0.46280471999999995 0.01610305958132041 0.1490435573333333 4
2 6 0.4305685539452496 0.4381831546666667 0.014224368760064332 0.14475290133333335 4
2 7 0.4433874384057971 0.4448541226666667 0.010198604669887257 0.1278053173333334 4
2 8 0.46194219524959745 0.4487512653333333 0.010198604669887368 0.12293366666666666 4
2 9 0.4157080881642512 0.4293740506666667 0.025232696457326897 0.12067431466666667 2
3 0 0.44203398872785826 0.6409539426666666 0.060977149758454086 0.5356487973333334 4
3 1 0.3856207278582931 0.68062472 0.07201603703703707 0.5749081599999999 4
3 5 0.4010758518518518 0.46384048 0.01660049436392913 0.15020677333333338 4
3 6 0.43018313929146534 0.438505812 0.013286661835748781 0.14599246666666665 4
3 7 0.4453033675523349 0.44488649866666663 0.008754292270531427 0.12859363733333334 4
3 8 0.4616876731078905 0.4489300586666667 0.010612093397745603 0.12367331200000004 4
3 9 0.4139483389694042 0.4299095706666667 0.025978991948470198 0.12122321600000002 2
4 0 0.45159271376811594 0.6450175786666666 0.062265163446054705 0.54235112 4
4 1 0.3976540889694042 0.6815200653333333 0.07139023107890496 0.5813911119999999 4
4 5 0.4023128836553945 0.46489254 0.016908213365539437 0.151388264 4
4 6 0.42947681199677945 0.438833888 0.01207729549114328 0.14725276800000003 4
4 7 0.4472059086151369 0.444919364 0.007246377616747179 0.1293917146666667 4
4 8 0.4614602290660225 0.44911099066666665 0.011003757648953338 0.12442182133333335 4
4 9 0.411961576489533 0.4288087186666667 0.026730523349436375 0.12183791199999999 2
5 0 0.4580008433977456 0.6491831746666666 0.06329968357487925 0.5492198533333335 4
5 1 0.4076285092592593 0.6925403466666666 0.08004065942028987 0.5829193066666667 4
5 5 0.4028756388888889 0.4659612866666667 0.01593506360708541 0.15258846666666664 4
5 6 0.42681168760064414 0.43916751600000004 0.012190734299516892 0.1485343386666667 4
5 7 0.44548201851851854 0.44495273066666663 0.009698613526569977 0.13019972799999996 4
5 8 0.4633090696457327 0.4492940986666667 0.010948611111111173 0.12517934933333336 4
5 9 0.40995517028985506 0.42769762133333333 0.027467722222222157 0.12245700800000003 2
6 0 0.4647783909017713 0.652461684 0.06360708293075684 0.552460008 4
6 1 0.4174873949275362 0.6977622853333333 0.08829844041867951 0.5724754293333334 4
6 5 0.40326410426731074 0.4670471186666667 0.014761137681159442 0.15380782133333337 4
6 6 0.4238082045088567 0.43950683733333334 0.012077294685990336 0.1498377173333333 4
6 7 0.4434311062801932 0.44498660933333334 0.012077294685990336 0.13101786933333343 4
6 8 0.46522276731078904 0.44947942133333335 0.010869565217391297 0.12594606399999997 4
6 9 0.40751575885668273 0.42961225599999997 0.027639709339774554 0.12345984533333337 2
7 0 0.47758390982286636 0.655779132 0.05470212560386467 0.555738552 4
7 1 0.4285331030595813 0.6953600453333333 0.07407323671497579 0.5772799093333333 4
7 5 0.40516876851851846 0.4669799413333333 0.015292039452495965 0.1547850933333333 4
7 6 0.42543337600644116 0.4400519306666667 0.013018916264090186 0.15056238933333327 4
7 7 0.44384876247987115 0.44570049733333333 0.013516497584541098 0.1318970426666667 4
7 8 0.46390166344605477 0.449695696 0.01034077777777781 0.12661928 4
7 9 0.40503667431561996 0.43155924933333334 0.027816113526569985 0.12447953866666667 2
8 0 0.49027478462157803 0.659136216 0.04535695249597421 0.5590561706666667 4
8 1 0.4391081827697262 0.6928908573333333 0.05877617069243152 0.5822182853333333 4
8 2 0.2005990724637681 0.6035868626666666 0.04723564251207729 0.4463034426666667 4
8 5 0.4070036372785829 0.4669119093333334 0.01583467552334944 0.15577457066666672 4
8 6 0.4270024971819646 0.440603284 0.014224369565217332 0.15129229599999994 4
8 7 0.44423856360708536 0.44642426133333335 0.014761138486312442 0.132788352 4
8 8 0.4623551855877617 0.44991437200000006 0.009661834943639258 0.12729971466666662 4
8 9 0.4025169396135265 0.4335394186666667 0.027997114331722972 0.1255165173333333 2
9 0 0.5040898884863124 0.6625336466666667 0.059876586956521705 0.5624135653333333 4
9 1 0.4556097661030596 0.6903529373333334 0.07456833896940418 0.5872941253333333 4
9 2 0.21008919685990338 0.6042692106666667 0.053604662640901746 0.45063770666666675 4
9 5 0.40773936714975845 0.466843 0.015022713365539453 0.15677648533333333 4
9 6 0.42599270652173915 0.44116095066666666 0.013374438808373579 0.15202752266666664 4
9 7 0.4445218603059581 0.44715810666666667 0.014609123188405848 0.13369204800000006 4
9 8 0.4643267173913044 0.4501354906666667 0.012746948470209352 0.12798748800000004 4
9 9 0.39995554629629626 0.435553608 0.028182897745571645 0.12657123199999998 2
10 0 0.5177202576489532 0.6659721573333333 0.07407407568438001 0.5658114613333333 4
10 1 0.47157387721417066 0.687744468 0.08964036634460543 0.592511064 4
10 2 0.2194700688405797 0.6049648706666667 0.0595813228663446 0.4550567973333333 4
10 5 0.4084085660225443 0.466776372 0.014224368760064388 0.157812104 4
10 6 0.4253429524959742 0.44172498266666665 0.012882447665056362 0.1527681626666667 4
10 7 0.4446433442028985 0.4479022386666667 0.014224369565217443 0.13460839733333335 4
10 8 0.4663520185185185 0.450359092 0.015700483091787454 0.1286827226666667 4
10 9 0.3973514500805153 0.437602696 0.0283736602254428 0.12764414400000001 2
11 0 0.517399290257649 0.6686493266666667 0.0688972487922705 0.5739942746666667 4
11 1 0.4815561280193237 0.6861575293333333 0.08888248309178737 0.5956849413333334 4
11 2 0.22659575563607087 0.6056742386666667 0.05606915056360709 0.45956322400000005 4
11 3 0.19556348913043478 0.6038072506666667 0.0911241586151369 0.5152220586666666 4
11 5 0.410709423510467 0.46670248933333336 0.015156032206119163 0.1588185786666667 4
11 6 0.424602095410628 0.4422954333333333 0.013134081320450908 0.15351430133333333 4
11 7 0.44418357769726247 0.44865687066666665 0.01379742753623181 0.13553766666666667 4
11 8 0.46656239975845404 0.450585216 0.014665287439613539 0.12938553600000002 4
11 9 0.39556147946859904 0.4377126066666666 0.026998295491143298 0.12872688799999998 2
12 0 0.5190805821256038 0.6723036186666667 0.06280193397745565 0.5846891893333335 4
12 1 0.49087470853462156 0.6845217133333333 0.08695652334943643 0.5989565733333333 4
12 2 0.23365670128824478 0.6063977253333334 0.052066558776167504 0.4641596053333334 4
12 3 0.22285808333333335 0.6036542613333333 0.06387547584541067 0.523072608 4
12 5 0.4129942045088567 0.46754121866666665 0.016103059581320467 0.16052126933333327 4
12 6 0.4240218731884058 0.4417087946666667 0.013419216586151361 0.15475124799999995 4
12 7 0.44390474033816424 0.4492692146666667 0.013150831723027445 0.13649841866666673 4
12 8 0.46650986272141703 0.4513379333333334 0.013419216586151306 0.13026881066666673 4
12 9 0.3937502922705314 0.43783039333333335 0.025456030595813195 0.1298037946666667 2
13 0 0.5364460603864734 0.6760839519999999 0.06066368438003222 0.5957520319999999 4
13 1 0.5011651501610306 0.682834728 0.07520003784218998 0.602330544 4
13 2 0.24492128985507247 0.607135752 0.054559917874396124 0.46884866133333336 4
13 3 0.23332553260869565 0.603429 0.06041172544283413 0.530919808 4
13 5 0.4138266936392915 0.4683981253333333 0.015442553140096682 0.16226074666666668 4
13 6 0.4242804734299517 0.4411125933333333 0.013608425120773038 0.15600831199999998 4
13 7 0.44410671859903383 0.44989030666666674 0.012663453301127281 0.13747290666666673 4
13 8 0.46723675805152975 0.45210082933333334 0.012449429146537794 0.13116346133333334 4
13 9 0.3919174738325282 0.43795644133333334 0.02375262238325282 0.1308737946666667 2
14 0 0.553418326489533 0.6799967186666667 0.05743424718196466 0.6072016026666667 4
14 1 0.5109687572463768 0.681094136 0.062265165056360594 0.6058117279999999 4
14 2 0.2565598313204509 0.611250512 0.05662909098228666 0.47141114133333345 4
14 3 0.24385959621578102 0.6033318026666667 0.05636070289855069 0.5395061280000001 4
14 5 0.4145519657809984 0.4692738066666666 0.01449275281803547 0.16403822666666668 4
14 6 0.42437363285024154 0.4405065933333333 0.013687600644122389 0.15728598666666666 4
14 7 0.4441727165861513 0.4505203293333334 0.012077294685990336 0.138461432 4
14 8 0.4681294021739131 0.4528741066666666 0.011540525764895337 0.13206970133333334 4
14 9 0.38961668719806763 0.4381444733333333 0.02498885426731079 0.1320323439999999 2
15 0 0.5599399553140096 0.6792598773333334 0.0626641038647342 0.6094802453333333 4
15 1 0.5184076388888889 0.6836336746666667 0.07897600885668282 0.6007326506666666 4
15 2 0.267140634863124 0.6154097293333334 0.051791897745571636 0.4739984666666668 4
15 3 0.2445349323671498 0.603161796 0.054360210950080506 0.5481122106666667 4
15 5 0.4163710648148148 0.470168884 0.015160348631239995 0.1658549626666666 4
15 6 0.42239889855072466 0.4398905493333333 0.012939193236714996 0.15858478399999998 4
15 7 0.44396910547504026 0.4511594826666666 0.012123265700483055 0.1394642986666667 4
15 8 0.46756492632850244 0.453657972 0.010975305152979009 0.13298775200000007 4
15 9 0.387276559178744 0.438336528 0.026214735104669873 0.1332057226666667 2
16 0 0.5655498256843801 0.6782879973333333 0.06682769806763289 0.6114240053333333 4
16 1 0.5256579545088567 0.6862158973333333 0.09527643719806761 0.5955682053333333 4
16 2 0.27798262721417066 0.6196140413333333 0.04696725764895332 0.4766109626666667 4
16 3 0.24406127173913042 0.602914708 0.05179817632850242 0.556713912 4
16 5 0.41810938405797105 0.4710840066666667 0.015566291465378412 0.16771226933333333 4
16 6 0.42040727536231887 0.439264212 0.012077294685990392 0.15990523466666667 4
16 7 0.4437736123188406 0.4518079626666667 0.012077295491143336 0.1404818186666667 4
16 8 0.46708711674718195 0.45445264 0.010466988727858284 0.13391785066666662 4
16 9 0.3844512338969404 0.439807116 0.02760180434782611 0.13446006666666666 2
17 0 0.5780072157809983 0.6772804653333333 0.07138742028985512 0.6134390693333334 4
17 1 0.534441327294686 0.6888418786666667 0.08887710708534624 0.5903162426666666 4
17 2 0.2897593071658615 0.6188961293333333 0.06474565942028987 0.4802637413333332 4
17 3 0.24309736674718196 0.6075170480000001 0.051160206924315665 0.561339744 4
17 5 0.4196310760869565 0.47185202000000004 0.016606794685990356 0.16852114400000012 4
17 6 0.4241279210950081 0.440246972 0.016425405797101444 0.16080949600000005 4
17 7 0.44448598832528174 0.4519844186666666 0.013279760869565227 0.14134783466666673 4
17 8 0.4683690144927537 0.4553969666666667 0.012000069243156164 0.13475305866666665 4
17 9 0.3815737024959742 0.44130633999999996 0.028966369565217365 0.13572842399999996 2
18 0 0.5897086888083736 0.676235292 0.07461083977455718 0.615529416 4
18 1 0.5469441880032206 0.6881344893333333 0.08185722302737519 0.5917310213333333 4
18 2 0.30159206843800324 0.6181665293333334 0.08239398872785825 0.48397071199999997 4
18 3 0.24159154508856684 0.6121193426666667 0.05018787117552334 0.5657509626666668 4
18 4 0.9241966803542673 0.6817179333333333 0.12101082608695668 0.6045641333333334 4
18 5 0.4209993027375202 0.47262747466666666 0.017444980676328437 0.16933766933333344 4
18 6 0.4245185338164251 0.441242096 0.017115222222222226 0.16172276799999996 4
18 7 0.4452721803542673 0.45216295333333334 0.014492753623188415 0.14222420000000002 4
18 8 0.4692588953301127 0.4563536346666667 0.01315083252818039 0.13559814399999998 4
18 9 0.3786425233494364 0.4428347786666667 0.03030540096618356 0.13701107200000007 2
19 0 0.6000865849436393 0.6751503333333333 0.06668428582930752 0.6176993333333334 4
19 1 0.5625230140901771 0.68739248 0.07622817149758454 0.59321504 4
19 2 0.30705555998389694 0.617424976 0.0772945499194847 0.48773307733333326 4
19 3 0.2502498743961353 0.6167940693333334 0.058380785829307585 0.570229664 4
19 4 0.9121373558776167 0.682243088 0.14512947504025775 0.603513824 4
19 5 0.4224617065217391 0.47341047866666663 0.018227345410628037 0.1701619439999999 4
19 6 0.42491317109500804 0.4422497293333333 0.017794595008051528 0.1626452293333333 4
19 7 0.4460041501610306 0.45234360400000007 0.014082522544283438 0.143111096 4
19 8 0.4701336964573269 0.4573228386666667 0.013101964573268954 0.1364532933333334 4
19 9 0.3756561867954912 0.444393036 0.031615818035426735 0.13830831199999993 2
20 0 0.6095526284219002 0.6740232786666667 0.05716585909822869 0.6199534426666666 4
20 1 0.5766546477455716 0.6866547346666667 0.06924315861513686 0.5946905306666667 4
20 2 0.3125027548309179 0.616671188 0.07192699919484702 0.49155206133333346 4
20 3 0.25871883011272145 0.6215429026666667 0.06629092914653784 0.5747774106666668 4
20 4 0.9007697834138486 0.6835904493333333 0.1678646199677939 0.6008191013333333 4
20 5 0.4236757532206119 0.47420113733333336 0.01878690257648946 0.17099408800000004 4
20 6 0.4253118981481482 0.4432531306666666 0.01846267713365546 0.16361082133333332 4
20 7 0.44679101006441224 0.4525264053333333 0.013687601449275333 0.1440087146666667 4
20 8 0.4707935314009662 0.458304784 0.012614062801932335 0.137318704 4
20 9 0.37261311111111106 0.445987492 0.03289449758454105 0.13963200799999992 2
21 0 0.6194335462962963 0.6739979666666667 0.07352676247987111 0.6200040666666666 4
21 1 0.5895030712560387 0.6858056426666667 0.08303791545893724 0.5963887146666667 4
21 2 0.3277832423510467 0.615904884 0.06387710144927544 0.49542894133333326 4
21 3 0.266796691626409 0.6263675786666667 0.05921480032206125 0.5793958186666667 4
21 4 0.8783238458132044 0.68584158 0.1659006803542673 0.5963168400000001 4
21 5 0.4234663989533011 0.47499956266666665 0.016891954106280194 0.17183420799999993 4
21 6 0.42571478260869566 0.44423628400000004 0.01911862479871168 0.16465206133333338 4
21 7 0.4468065611916264 0.4527113973333333 0.013410698872785898 0.14491725333333338 4
21 8 0.4715914335748792 0.459295632 0.01414879629629634 0.1382026613333333 4
21 9 0.3683214174718196 0.4453524653333334 0.03475441787439615 0.1406001093333334 2
22 0 0.6288547282608696 0.6740168106666666 0.0882984436392914 0.6199663786666667 4
22 1 0.601243152173913 0.684921176 0.09554481964573269 0.598157648 4
22 2 0.34245448872785833 0.6192416146666666 0.05555555394524958 0.499603224 4
22 3 0.2742299601449275 0.6270997213333334 0.05179817310789048 0.5833248986666666 4
22 4 0.8473884995974235 0.6879421426666666 0.13231347584541053 0.5921157146666667 4
22 5 0.42316042230273754 0.475197192 0.014761137681159386 0.17353786133333338 4
22 6 0.42593950402576486 0.44135792933333334 0.019219518518518497 0.1658333253333334 4
22 7 0.4463445736714976 0.45351101466666666 0.013150831723027334 0.14590883466666665 4
22 8 0.4718845177133655 0.4589190146666667 0.01529790660225444 0.13912975733333333 4
22 9 0.36397415418679546 0.44471229866666667 0.03641343236714978 0.14155500266666665 2
23 0 0.6341251803542673 0.6740816146666666 0.08010150402576499 0.6198367706666668 4
23 1 0.6242071046698873 0.68399908 0.09083902415458933 0.60000184 4
23 2 0.35156923309178745 0.6226289759999999 0.06348500885668273 0.5038253013333333 4
23 3 0.2822583087761675 0.6278405706666667 0.05828410708534626 0.5873025333333333 4
23 4 0.8254850821256039 0.6899065280000001 0.10707733977455713 0.5881869439999999 4
23 5 0.4259831131239935 0.4753987746666667 0.016710406602254424 0.17527561333333336 4
23 6 0.4261674287439613 0.43843802266666665 0.019321851046698868 0.16703164533333337 4
23 7 0.44625766465378425 0.454321816 0.013507269726247995 0.1469143466666667 4
23 8 0.47269638687600646 0.45853730933333325 0.01521322624798721 0.14006937599999997 4
23 9 0.3595696803542673 0.44406677866666666 0.03785638808373587 0.1424965333333334 2
24 0 0.6393240515297907 0.673265392 0.07139023349436402 0.621469216 4
24 1 0.6461441783413848 0.6830368986666666 0.08427267713365538 0.6019262026666667 4
24 2 0.36069302375201284 0.6260676239999999 0.07139023107890502 0.5080953546666667 4
24 3 0.29108087198067634 0.6287155493333334 0.0646806199677939 0.5917998720000001 4
24 4 0.8038976566022544 0.6868560413333333 0.08803005716586154 0.5942879173333333 4
24 5 0.4287503204508856 0.4756044306666667 0.01851851851851849 0.17704849866666672 4
24 6 0.42735788123993557 0.43961841199999996 0.019441023349436426 0.16817121333333324 4
24 7 0.446061191626409 0.4551440333333333 0.013687600644122389 0.14793408799999996 4
24 8 0.47358902214170695 0.4581504106666667 0.015029522544283413 0.14102177066666666 4
24 9 0.3551061163446054 0.4434156613333333 0.03906919243156198 0.14342473066666672 2
25 0 0.6610328401771336 0.672428128 0.08651047101449283 0.6231437439999999 4
25 1 0.6552479798711754 0.68203196 0.10016277455716593 0.60393608 4
25 2 0.3724674681964574 0.6295582173333334 0.06029021014492758 0.51241356 4
25 3 0.30124311755233496 0.6293490079999999 0.07466032528180355 0.5954069706666667 4
25 4 0.7762952926731079 0.6840429253333333 0.09910184138486311 0.5999141493333333 4
25 5 0.43030843840579713 0.475814284 0.019012211755233543 0.17885758666666673 4
25 6 0.42856444645732694 0.4408150266666666 0.01956230676328502 0.16932641600000004 4
25 7 0.4444291292270532 0.4559779066666666 0.012436440418679529 0.14896836266666663 4
25 8 0.47340557568438 0.45775821733333333 0.015481483091787429 0.14198720266666665 4
25 9 0.3505813433977456 0.4427586693333333 0.04003891867954912 0.14433981866666662 2
26 0 0.681933828099839 0.6715690613333334 0.09983896859903385 0.6248618773333333 4
26 1 0.6611297008856682 0.6820362213333333 0.11433171900161021 0.6039275573333334 4
26 2 0.38435694484702093 0.6331014093333334 0.04911432930756843 0.5167800826666666 4
26 3 0.31203187801932364 0.6301169066666666 0.08454106038647341 0.5995355893333334 4
26 4 0.7570789001610305 0.6902932213333334 0.11325818196457316 0.5874135573333332 4
26 5 0.4316341247987117 0.4760284653333333 0.019323671497584516 0.18070400799999997 4
26 6 0.4297874533011272 0.44202820266666665 0.019685755233494473 0.17049757866666665 4
26 7 0.44320733293075687 0.45679353333333333 0.011003757648953283 0.14999266133333344 4
26 8 0.47302575362318844 0.457360616 0.01583467471819644 0.14296594666666662 4
26 9 0.34605335708534624 0.44409460666666667 0.04047446779388081 0.14512408799999998 2
27 0 0.6999976123188405 0.6706873933333333 0.08976106038647347 0.6266252133333333 4
27 1 0.6713274021739131 0.6820408573333333 0.10854116505636058 0.6039182853333334 4
27 2 0.39734562560386477 0.6345520586666666 0.06478910305958135 0.5239205120000001 4
27 3 0.3197649766505636 0.63398384 0.07176498872785825 0.6077769653333334 4
27 4 0.7353772266505636 0.6962918226666667 0.09976384621578105 0.5754163546666666 4
27 5 0.4337761594202898 0.47742932933333326 0.018640373590982307 0.18204325066666666 4
27 6 0.4299819476650564 0.44267467866666665 0.01927501449275365 0.17172127199999992 4
27 7 0.4437462028985507 0.45772219066666664 0.010737301127214216 0.15117959200000003 4
27 8 0.4747373293075684 0.45893665866666666 0.014699571658615185 0.14377489600000004 4
27 9 0.34147445249597425 0.4454452466666666 0.04089113365539454 0.14591543199999996 2
28 0 0.7168520213365539 0.6697822733333333 0.07702630354267315 0.6284354533333334 4
28 1 0.6807309001610307 0.6820458933333333 0.1009125072463769 0.6039082133333333 4
28 2 0.4099784488727859 0.636040732 0.07997853059581322 0.5312519920000001 4
28 3 0.3271300909822866 0.637958192 0.058239397745571686 0.6162466613333333 4
28 4 0.7168796026570048 0.6931217746666667 0.10355141465378426 0.5817564506666666 4
28 5 0.43578582447665054 0.4788510773333333 0.017981750402576435 0.18340167999999996 4
28 6 0.42977619243156195 0.4432868333333333 0.01650563607085348 0.17304690933333328 4
28 7 0.4441819271336554 0.45866540666666666 0.010466989533011284 0.15238457866666671 4
28 8 0.47643524718196456 0.46053065066666665 0.013419215780998472 0.14459304000000012 4
28 9 0.3368437419484702 0.44681078266666674 0.04128828743961355 0.1467139600000001 2
29 0 0.7311491123188405 0.6688528013333334 0.09542914734299524 0.6302943973333333 4
29 1 0.7107811924315619 0.682051352 0.1382202512077294 0.603897296 4
29 2 0.4165753764090177 0.6375689373333333 0.0800153985507247 0.5387821946666667 4
29 3 0.33929251086956524 0.6420444906666667 0.06146227294685985 0.6249542933333333 4
29 4 0.6884121413043478 0.6975348693333333 0.08528858212560386 0.5729302613333334 4
29 5 0.4380717918679549 0.4802941546666667 0.017700876811594157 0.18477970666666677 4
29 6 0.430841462962963 0.443895656 0.01449163768115952 0.17441307733333328 4
29 7 0.44431909420289856 0.4596235226666667 0.011541380032206172 0.15360803200000006 4
29 8 0.4778156360708535 0.4621429026666667 0.01388366183574874 0.14542053066666671 4
29 9 0.33216031763285025 0.448191408 0.04166528904991951 0.14751978666666665 2
30 0 0.7437450350241546 0.66789802 0.11164788003220605 0.63220396 4
30 1 0.7265036364734299 0.6820572613333333 0.14044361433172303 0.6038854773333333 4
30 2 0.4227632665056361 0.6391382666666667 0.07917337520128825 0.546519216 4
30 3 0.3510574923510467 0.6462475133333333 0.06414385265700484 0.633910024 4
30 4 0.6644500652173913 0.6960785066666666 0.07219538486312416 0.5758429866666667 4
30 5 0.4405936123188406 0.48175902933333337 0.017444981481481547 0.1861777653333334 4
30 6 0.43205564492753623 0.4445136453333334 0.012882447665056362 0.17579536533333334 4
30 7 0.4443566731078905 0.46059689200000004 0.01261406441223839 0.15485037600000007 4
30 8 0.47896720128824477 0.4637737266666666 0.014224368760064388 0.14625753866666663 4
30 9 0.32742324838969405 0.4495873266666667 0.04202149355877616 0.14833303200000003 2
31 0 0.7616590088566828 0.6672081493333333 0.10353651690821264 0.6335837013333333 4
31 1 0.7437799001610306 0.6822518093333334 0.14311354267310783 0.6034963813333333 4
31 2 0.43767917874396134 0.6407503959999999 0.06596940579710142 0.5544715973333334 4
31 3 0.35815970249597423 0.6505723226666666 0.062309749597423525 0.6431246079999999 4
31 4 0.6538983788244767 0.694281044 0.07716640982286638 0.5794379119999999 4
31 5 0.44342965901771336 0.4832461773333333 0.019310656199677922 0.1875962906666666 4
31 6 0.4308193482286634 0.44514099733333334 0.013976936392914585 0.17719398933333336 4
31 7 0.4475325326086957 0.46158587866666667 0.01727656441223835 0.15611205600000005 4
31 8 0.4802791952495974 0.465423448 0.015095458132045103 0.147104224 4
31 9 0.3207947222222223 0.450381364 0.042406565217391334 0.14923012000000002 2
32 0 0.7784783184380032 0.666494748 0.0928609766505637 0.635010504 4
32 1 0.7617640048309178 0.68245548 0.1458803913043477 0.60308904 4
32 2 0.4506370760869566 0.64587446 0.05179817471819653 0.5622081626666666 4
32 3 0.36460097946859904 0.6555224586666667 0.05984970289855074 0.6519681493333334 4
32 4 0.6446783087761675 0.6889764013333333 0.08212560144927528 0.5756580773333333 4
32 5 0.44523136392914653 0.483651284 0.02120236231884054 0.18965749599999998 4
32 6 0.43000418236714977 0.44630633999999997 0.015029522544283469 0.17889358666666666 4
32 7 0.4480201179549115 0.46179098399999996 0.017511015297906607 0.15732955199999998 4
32 8 0.48101452858293076 0.4654164226666667 0.015834675523349384 0.14807848266666662 4
32 9 0.3140859939613526 0.451185068 0.0427907190016103 0.1501379653333333 2
33 0 0.791020940016103 0.6657565893333333 0.08604941948470213 0.6364868213333333 4
33 1 0.780500368357488 0.682668932 0.1487494581320451 0.602662136 4
33 2 0.46342996296296296 0.6511365093333333 0.06360542512077294 0.5701396426666667 4
33 3 0.37890313888888894 0.65704076 0.061479171497584584 0.65391848 4
33 4 0.6237852375201288 0.680286352 0.08095670692431578 0.5647539680000001 4
33 5 0.44475069243156196 0.484065356 0.020181879227053223 0.19176414666666663 4
33 6 0.4305347206119163 0.44749464266666666 0.01590682930756837 0.18062659199999997 4
33 7 0.4485152781803543 0.4619994493333333 0.017748345410628086 0.158566184 4
33 8 0.4817899371980676 0.4654093026666667 0.01522372463768118 0.14906573600000006 4
33 9 0.30729559581320454 0.45199861066666663 0.04317384863123991 0.15105676266666668 2
33 10 0.4304991231884058 0.4358513146666667 0.02435719645732698 0.10884881600000001 2
34 0 0.802050997584541 0.6649923613333333 0.0770263027375202 0.6380152773333334 4
34 1 0.8000371964573268 0.6828928826666667 0.15172642673107894 0.6022142346666667 4
34 2 0.47590714452495975 0.6565416906666667 0.0748792294685991 0.5782731306666666 4
34 3 0.39284105475040265 0.6573200266666667 0.06253354750402579 0.6533599466666666 4
34 4 0.6055604033816425 0.671797684 0.08158883413848628 0.5539070693333334 4
34 5 0.4441911582125604 0.484488692 0.019055287439613544 0.19391776266666677 4
34 6 0.43076138647343 0.4487065813333333 0.016639827697262466 0.1823940106666666 4
34 7 0.44901819082125605 0.462211356 0.017988613526570052 0.15982241333333336 4
34 8 0.48229644524959747 0.46540208666666666 0.014492753623188415 0.15006623733333335 4
34 9 0.3004220277777778 0.45282217466666663 0.04355584621578096 0.15198671199999997 2
34 10 0.42954310466988727 0.43633140000000004 0.024691962962962943 0.10910079466666661 2
35 0 0.8219127145732689 0.6631612413333333 0.09552430032206116 0.6416775173333333 4
35 1 0.8204269142512077 0.683128128 0.15481740016103052 0.601743744 4
35 2 0.4858572194041868 0.662095404 0.0742366368760064 0.5866160773333333 4
35 3 0.405981308373591 0.6576073226666667 0.07827220611916264 0.6527853546666667 4
35 4 0.5941249818840579 0.6845768293333333 0.08305020692431564 0.5499313706666666 4
35 5 0.44651075281803543 0.4849216026666667 0.01991009983896941 0.19611992533333333 4
35 6 0.4311429887278583 0.44994286000000006 0.015608669887278659 0.1841968773333334 4
35 7 0.4495290406602254 0.4624267906666666 0.018231884863123993 0.16109870666666665 4
35 8 0.4844853582930757 0.4653947706666667 0.01656141384863119 0.1510802613333333 4
35 9 0.29346375040257644 0.45365594000000004 0.04393659903381647 0.15292801866666672 2
35 10 0.428582596215781 0.4368138426666667 0.025021227858293082 0.1093529173333333 2
36 0 0.840116446457327 0.6612339253333334 0.11137949355877619 0.6455321493333332 4
36 1 0.8417266296296297 0.6833755413333333 0.15802893880837365 0.6012489173333333 4
36 2 0.4951732435587761 0.6678033280000001 0.07273215539452499 0.59517632 4
36 3 0.41876206239935587 0.6579029986666667 0.09339774476650564 0.6521940026666666 4
36 4 0.5789806219806763 0.6763632 0.08561459983896935 0.5350157653333334 4
36 5 0.4489092657004831 0.485364416 0.020665592592592597 0.19837230400000005 4
36 6 0.4312282387278583 0.4512042093333334 0.014224369565217332 0.18603626933333334 4
36 7 0.45004801610305956 0.4626458426666667 0.01847822383252823 0.1623955520000001 4
36 8 0.48657918639291464 0.4653873533333333 0.01851851932367149 0.15210808266666664 4
36 9 0.28458371819645734 0.454061108 0.044488967793880785 0.15431439733333335 2
36 10 0.4276175640096619 0.4372986493333334 0.025344862318840644 0.10960519200000002 2
37 0 0.8969625044283414 0.6592026293333333 0.16921546457326886 0.6495947413333334 4
37 1 0.8639986384863124 0.6836360906666666 0.1613680982286636 0.6007278186666667 4
37 2 0.5111181316425121 0.6709876173333333 0.07597240016103052 0.6043351706666666 4
37 3 0.42835289613526567 0.658529144 0.08916097101449272 0.6509417120000001 4
37 4 0.5564301284219002 0.6670832933333334 0.07801382850241545 0.5166417546666666 4
37 5 0.4508340865539452 0.4875409506666667 0.021697285829307578 0.2008318746666667 4
37 6 0.43218504267310787 0.49948828666666667 0.01545586473429944 0.187616872 4
37 7 0.45078480958132044 0.46300374266666666 0.01891256119162632 0.16354974133333333 4
37 8 0.48644429428341385 0.4656748906666667 0.016731979871175584 0.15324095999999998 4
37 9 0.2755456771336554 0.454473688 0.045054148148148176 0.15572614399999996 2
37 10 0.4266479730273752 0.43778582666666666 0.02566273671497582 0.10985762133333332 2
38 0 0.9093787773752013 0.6571494466666666 0.15064663204508866 0.6537011066666667 4
38 1 0.8873111054750402 0.6839108493333333 0.1648424847020934 0.6001783013333333 4
38 2 0.526396406199678 0.6742713213333333 0.07783145330112717 0.6137801359999999 4
38 3 0.43765027415458935 0.6591774266666667 0.08400429227053141 0.6496451466666666 4
38 4 0.5304171638486312 0.6738619386666667 0.07890499436392917 0.517639248 4
38 5 0.45241915499194846 0.4897721186666667 0.022275899355877704 0.20335291466666666 4
38 6 0.432736402979066 0.495684924 0.016371443639291383 0.1890497413333333 4
38 7 0.45153191384863123 0.46336716666666666 0.01934393880837354 0.16471973066666673 4
38 8 0.4862578723832528 0.46595222000000003 0.015029522544283469 0.15441877600000004 4
38 9 0.26634537077294684 0.45489388399999997 0.045632566022544285 0.15716396000000005 2
38 10 0.4256737890499195 0.43827538666666666 0.02597472141706919 0.11011020799999993 2
39 0 0.9207437801932368 0.6575996706666667 0.1279166264090178 0.6528006586666666 4
39 1 0.9061053047504026 0.6848648706666667 0.15719357729468608 0.5982702586666666 4
39 2 0.5347192133655395 0.6749483773333333 0.08303049436392912 0.6181032453333333 4
39 3 0.45047795813204505 0.6598486906666666 0.07935384702093401 0.6483026186666667 4
39 4 0.5230532270531402 0.6713037879999999 0.07387620289855074 0.5169680933333333 4
39 5 0.4538615161030596 0.4920599973333333 0.020373587761674694 0.2059377546666667 4
39 6 0.4328031392914654 0.49873202933333327 0.0178884202898551 0.19053176 4
39 7 0.4522895503220612 0.46373622400000003 0.019772126409017654 0.16590586666666668 4
39 8 0.4870298268921095 0.4662335866666667 0.014185913043478326 0.155613552 4
39 9 0.2569783913043478 0.45532191066666666 0.046224663446054776 0.15862857333333336 2
39 10 0.4243708739935588 0.4378990106666667 0.026271501610305947 0.11060272533333332 2
40 0 0.9326609565217392 0.6580448026666667 0.10408227375201295 0.6519103946666667 4
40 1 0.9179751095008052 0.6867036013333333 0.13345396779388086 0.5945927973333334 4
40 2 0.5418852415458938 0.6741821613333333 0.08668814009661846 0.6196356773333334 4
40 3 0.4629135438808374 0.6605438186666667 0.07380568679549121 0.6469123626666666 4
40 4 0.5188203373590983 0.6663175946666666 0.068437998389694 0.5144164853333333 4
40 5 0.45517847423510466 0.49440676666666666 0.017981750402576546 0.20858884533333344 4
40 6 0.43256307769726243 0.4513328546666666 0.019055287439613544 0.19178590666666667 4
40 7 0.4530579468599034 0.46411102933333337 0.020196887278582876 0.16710849066666666 4
40 8 0.4880284919484702 0.46651908 0.013419217391304417 0.1568256586666667 4
40 9 0.24744016666666666 0.45575798666666667 0.04683090660225436 0.16012073600000004 2
40 10 0.4230563695652174 0.43751931866666666 0.026567222222222242 0.11109944266666671 2
41 2 0.5563303615136876 0.673390796 0.07698292109500804 0.621218408 4
41 3 0.4801785466988728 0.6612637293333333 0.08632891626409023 0.6454725413333333 4
41 4 0.4993112975040258 0.6650588146666666 0.0802086352657006 0.5115334426666667 4
41 5 0.45638892834138484 0.49681472266666665 0.0177774428341384 0.2113087733333333 4
41 6 0.43223611272141704 0.45411947733333335 0.019387516908212554 0.19329287466666667 4
41 7 0.4538373389694042 0.46449169999999995 0.02061798550724636 0.16832796 4
41 8 0.4898452411433173 0.46680878533333325 0.01270990901771335 0.1580554693333333 4
41 10 0.4217301191626409 0.4371362693333334 0.02686182769726253 0.11160041066666665 2
42 2 0.5672389331723027 0.6740364106666666 0.06548577616747175 0.6199271786666667 4
42 3 0.49408743800322064 0.6596352106666666 0.09796028019323672 0.6487295786666667 4
42 4 0.47886011433172304 0.663371192 0.08990874557165857 0.507453488 4
42 5 0.45709055072463767 0.4967817733333333 0.01717659742351041 0.21359068266666664 4
42 6 0.43226834219001614 0.45460487866666666 0.019323671497584516 0.19487429066666667 4
42 7 0.4544528723832528 0.4651034466666667 0.016103060386473467 0.16978518133333337 4
42 8 0.4908361376811594 0.46782322533333337 0.012077294685990336 0.15946676533333337 4
42 10 0.4203919633655394 0.43674981733333335 0.0271552648953301 0.11210568799999998 2
43 2 0.5827140040257649 0.6747133160000001 0.07571024154589368 0.618573368 4
43 3 0.5014189919484703 0.6579495013333333 0.08752851207729467 0.6521009973333334 4
43 4 0.4608865632045088 0.6613216386666667 0.08661088647342985 0.5023273146666666 4
43 5 0.46122383977455716 0.49674807200000004 0.021220418679549047 0.21592224000000004 4
43 6 0.4327384963768116 0.45509841866666667 0.018232509661835705 0.19648189333333338 4
43 7 0.4553555446859903 0.46572588933333325 0.01590852576489543 0.17126785333333333 4
43 8 0.49232613325281804 0.46885624000000004 0.014242500000000047 0.16090339733333336 4
43 10 0.41904174074074074 0.43635992133333334 0.02744747665056363 0.11261533066666668 2
44 2 0.5969914255233495 0.6754237893333334 0.08427267713365538 0.6171524213333333 4
44 3 0.5079977556360709 0.65620362 0.07541599275362315 0.65559276 4
44 4 0.44498016908212557 0.6589889306666666 0.08427268115942027 0.4963417013333333 4
44 5 0.4652368148148148 0.49671359733333337 0.0249597423510467 0.21830508800000004 4
44 6 0.4331494750402576 0.45559310399999997 0.016908212560386493 0.19813073066666664 4
44 7 0.45598437640901773 0.4663593146666667 0.015566290660225524 0.17277665066666664 4
44 8 0.4937272371175524 0.46990832400000004 0.016103058776167467 0.1623660666666667 4
44 10 0.41666042190016106 0.437235096 0.027654017713365564 0.1131201546666667 2
45 2 0.6096402950885669 0.6761703333333333 0.087307382447665 0.6156593333333333 4
45 3 0.5286448083735911 0.6543943773333334 0.0800149855072464 0.6592112453333333 4
45 4 0.42852839492753625 0.6554058693333333 0.06598038727858296 0.49443484800000004 4
45 5 0.4671331662640902 0.49667832 0.02397474798711763 0.22074093333333328 4
45 6 0.4336099287439613 0.4560954226666667 0.01647421819645728 0.19980894133333332 4
45 7 0.4587384206924316 0.4670040146666667 0.014699652979066058 0.17431226933333333 4
45 8 0.49522975402576486 0.4709799853333333 0.017002615942028843 0.16385548533333333 4
45 10 0.41425753542673105 0.43811829599999996 0.02786265217391304 0.11362947733333334 2
46 2 0.6208147427536232 0.6769557053333333 0.08803005716586154 0.6140885893333333 4
46 3 0.5486448691626409 0.6525183506666666 0.08319914090177127 0.6629632986666667 4
46 4 0.4116281803542673 0.6518493333333333 0.04696725603864732 0.4925394666666666 4
46 5 0.4689889814814815 0.49664221199999997 0.02254428341384862 0.22323156533333333 4
46 6 0.4339346501610306 0.45660632133333334 0.015834675523349384 0.20151576799999998 4
46 7 0.4614520780998389 0.46766029333333337 0.013687600644122389 0.17587542933333333 4
46 8 0.4963823385668277 0.4720569973333333 0.017512076489532957 0.16540192000000004 4
46 10 0.41183278582930755 0.43900963066666665 0.02807341062801927 0.11414335199999998 2
47 2 0.6348291936392914 0.674473376 0.08174875925925928 0.619053248 4
47 3 0.5602735897745572 0.6516127226666667 0.0932317576489533 0.6647745546666666 4
47 4 0.3969103828502415 0.6483190706666666 0.06403575925925925 0.49065542666666667 4
47 5 0.47112308373590983 0.49732856 0.02231077616747179 0.2259905866666666 4
47 6 0.4354285660225443 0.4569965973333333 0.01712221256038643 0.20320896533333332 4
47 7 0.46006955032206115 0.46924857466666664 0.016147182769726265 0.17736726133333336 4
47 8 0.497590828099839 0.4733251319999999 0.018185010466988782 0.16676040799999997 4
47 10 0.40938587479871175 0.439909212 0.02828632769726247 0.11466184266666668 2
48 2 0.6472830438808373 0.6718753466666667 0.0730005386473429 0.6242493066666667 4
48 3 0.5705992870370371 0.6506607520000001 0.10118089291465371 0.666678496 4
48 4 0.38216842834138487 0.6448148306666667 0.0807836795491143 0.4887825946666666 4
48 5 0.4729616747181965 0.498032076 0.02173913043478265 0.22881865866666667 4
48 6 0.4366839915458937 0.4573934826666667 0.018250134460547462 0.20493084800000005 4
48 7 0.45843164573268924 0.47086371066666666 0.01851851851851849 0.1788839813333334 4
48 8 0.4987812202093398 0.47460622399999997 0.018786902576489517 0.16815720533333334 4
48 10 0.4069164959742351 0.4408171573333334 0.028501434782608692 0.11518501333333331 2
49 2 0.6591743965378423 0.6691533346666667 0.0881660410628019 0.6296933306666667 4
49 3 0.5916863627214171 0.6496587226666667 0.09853935507246381 0.6686825546666666 4
49 4 0.36632475805152975 0.641336372 0.06475754025764896 0.4869208399999999 4
49 5 0.47817367149758455 0.49875341333333334 0.018552173913043424 0.2317184106666667 4
49 6 0.4351081252012883 0.4577971506666667 0.017538243961352562 0.20668214666666668 4
49 7 0.45967083937198067 0.472506388 0.017640396940418634 0.18042622133333336 4
49 8 0.5010489384057971 0.4759053093333333 0.01936303945249601 0.16958382400000005 4
49 10 0.4047065084541063 0.44101308933333333 0.028711416264090184 0.11567757066666673 2
50 2 0.6694969847020934 0.6662982506666667 0.10118089533011276 0.6354034986666666 4
50 3 0.611580885668277 0.6486025146666666 0.0931293639291465 0.6707949706666667 4
50 4 0.3502794267310789 0.6378834533333333 0.04830917552334946 0.48507004266666665 4
50 5 0.48321795692431563 0.49949326 0.015029522544283469 0.23469259999999992 4
50 6 0.43355821537842193 0.45820777199999996 0.01663982850241541 0.20846362399999996 4
50 7 0.46086324758454106 0.4741773146666666 0.01663982850241552 0.18199461866666666 4
50 8 0.5034078892914654 0.47722634266666664 0.01986044041867957 0.17103400799999996 4
50 10 0.40247767793880834 0.4412106933333333 0.028923064412238353 0.11617432533333333 2
51 2 0.6952990112721417 0.6633000893333333 0.09000289371980674 0.6413998213333334 4
51 3 0.6223749118357488 0.6474875373333333 0.09425786876006437 0.6730249253333334 4
51 4 0.33566608494363925 0.6369314133333334 0.06777919565217388 0.4815651146666666 4
51 5 0.4836313772141707 0.500252336 0.021858685185185245 0.237744128 4
51 6 0.4358560116747182 0.45862553066666667 0.017799611111111058 0.21027606933333343 4
51 7 0.4621234223027375 0.475877224 0.01803821175523357 0.183589856 4
51 8 0.5050121453301127 0.47856987866666667 0.019903524154589458 0.17250833866666676 4
51 10 0.4002297628824477 0.44140998666666664 0.02913640016103064 0.11667532800000008 2
52 2 0.7189317805958132 0.6650439906666666 0.07568437600644118 0.6379120186666667 4
52 3 0.6299907528180355 0.6445989413333333 0.09259259581320445 0.6788021173333333 4
52 4 0.3212011698872786 0.6359930093333332 0.08722490499194846 0.47811042933333325 4
52 5 0.48385720571658614 0.501916292 0.02844873832528172 0.240614216 4
52 6 0.4376923514492753 0.45931278000000003 0.018786902576489573 0.2122797946666667 4
52 7 0.462473481884058 0.4759445093333333 0.019323672302737516 0.18528341333333337 4
52 8 0.5058381682769726 0.47903875999999995 0.01986043961352657 0.1734340213333333 4
52 10 0.3979625169082126 0.4416109933333333 0.02935144605475043 0.11718063199999995 2
53 2 0.741580343800322 0.6668767013333333 0.09083262801932368 0.6342465973333333 4
53 3 0.6721946823671497 0.6415563066666666 0.15176448228663442 0.6848873866666667 4
53 4 0.3080423313204509 0.635067948 0.07260583494363926 0.4747049146666667 4
53 5 0.4858874927536232 0.5036209186666667 0.02772863768115935 0.2435544506666667 4
53 6 0.4374983925120773 0.460013248 0.01960760950080509 0.2143216426666667 4
53 7 0.46320010547504026 0.4760132893333333 0.019324671497584545 0.18700836533333337 4
53 8 0.5064679074074074 0.47951272266666667 0.018603714975845398 0.17436972266666667 4
53 10 0.39567568961352656 0.4418137373333334 0.029568219806763274 0.11769029599999997 2
54 2 0.7621777173913044 0.6688051786666667 0.10359635265700495 0.6303896426666666 4
54 3 0.6902615921900161 0.6383469893333333 0.15577063848631234 0.6913060213333333 4
54 4 0.2950528317230274 0.6341559506666667 0.05797101288244766 0.47134753333333335 4
54 5 0.48762385265700486 0.5053677253333334 0.02657004830917875 0.24656742933333337 4
54 6 0.4387091461352657 0.4610467146666667 0.020397208534621514 0.21629721600000001 4
54 7 0.4636376847826087 0.4760836133333334 0.01905528743961349 0.18876558933333332 4
54 8 0.5070971594202899 0.479991848 0.01717659742351052 0.17531561066666657 4
54 10 0.3935544694041868 0.4432196506666667 0.029868099838969375 0.11812163200000003 2
55 2 0.7857298510466988 0.670837132 0.16547924315619966 0.626325736 4
55 3 0.7092115511272141 0.6349569146666667 0.15994641948470212 0.6980861706666667 4
55 4 0.2799952338969404 0.6332567373333333 0.05863860144927535 0.4680372666666667 4
55 5 0.491431134057971 0.5071582960000001 0.0270489959742351 0.249655888 4
55 6 0.43994790660225447 0.46208518666666665 0.019624669887278567 0.21833707733333335 4
55 7 0.46466461151368765 0.47615553066666666 0.019322963768115986 0.19055600000000006 4
55 8 0.5092478285024155 0.48047622133333334 0.01725070531400963 0.17627185066666673 4
55 10 0.391417058373591 0.44464671333333333 0.030164409822866334 0.11857633866666661 2
56 2 0.8077507592592592 0.67298112 0.17115531239935589 0.62203776 4
56 3 0.7291109404186795 0.6313703826666667 0.16430284057971012 0.7052592346666666 4
56 4 0.2659792657004831 0.630495596 0.05931293558776163 0.465119736 4
56 5 0.4951505044283414 0.5089942973333333 0.02710681723027375 0.25282270133333334 4
56 6 0.44126193599033814 0.46314303600000006 0.01878690257648946 0.22041454666666677 4
56 7 0.4653927359098229 0.476229096 0.019323671497584516 0.1923805546666667 4
56 8 0.511230117552335 0.4809659306666667 0.01717659742351041 0.17723860799999996 4
56 10 0.3892632677133655 0.44608488133333335 0.030457049114331725 0.11903413066666668 2
57 2 0.8297954907407408 0.6704087466666666 0.17798609420289857 0.6271825066666668 4
57 3 0.7504389730273752 0.631711084 0.17180489452495973 0.704577832 4
57 4 0.25335492632850243 0.6277684813333333 0.055851625603864724 0.4622376026666667 4
57 5 0.49846366666666664 0.5109493853333333 0.0274827246376812 0.25576369866666665 4
57 6 0.4430812322866345 0.463847492 0.019112334138486342 0.22238043999999996 4
57 7 0.4674029863123993 0.47737055333333334 0.0200307020933978 0.19428991200000006 4
57 8 0.5135829122383253 0.48148952133333334 0.01662752657004829 0.17858541066666672 4
57 10 0.3871659388083736 0.44647581599999997 0.030298697262479912 0.11951045333333332 2
58 2 0.8531975724637682 0.6676548866666666 0.18534974396135273 0.6326902266666667 4
58 3 0.7731547012882448 0.6320990066666666 0.18006842512077292 0.7038019866666667 4
58 4 0.2409481501610306 0.6250747786666666 0.05233494122383253 0.45939022933333334 4
58 5 0.50149186352657 0.5129504773333333 0.02737520209339772 0.2587737706666667 4
58 6 0.44470592109500806 0.4645644746666666 0.01932367149758457 0.22438133333333332 4
58 7 0.46917109420289854 0.47851720666666675 0.020397207729468625 0.1962736773333334 4
58 8 0.515862751610306 0.48202076800000004 0.016103058776167578 0.17995138133333333 4
58 10 0.38505377173913047 0.44687034666666664 0.030116973429951677 0.11998745599999994 2
59 2 0.8780865913848631 0.6646996279999999 0.19330800724637687 0.638600744 4
59 3 0.7974003450080516 0.6325391533333333 0.1892150925925925 0.7029216933333333 4
59 4 0.23008633896940417 0.6275586013333333 0.046132394524959736 0.44693853599999994 4
59 5 0.5037837890499195 0.5149992133333333 0.02883013848631244 0.26185538133333325 4
59 6 0.4455335768921095 0.4652943213333333 0.020055107085346247 0.2264181786666667 4
59 7 0.47030965619967796 0.47968743466666663 0.022586547504025778 0.19829767466666665 4
59 8 0.5176302093397745 0.48255983199999997 0.016089845410627968 0.18133692800000006 4
59 10 0.3824231759259259 0.44675898 0.03042711191626407 0.12064685066666675 2
60 2 0.8941725958132045 0.6624181173333333 0.1810589951690822 0.6431637653333333 4
60 3 0.8202417435587761 0.6301129813333333 0.19610096376811592 0.7077740373333333 4
60 4 0.22154532125603865 0.6299002026666667 0.04133118518518519 0.43510864533333343 4
60 5 0.5056815152979066 0.5170973133333333 0.029790660225442855 0.26501110666666666 4
60 6 0.4463415450885668 0.46603738 0.020665592592592597 0.22849194400000006 4
60 7 0.47098815096618357 0.48089410666666665 0.0244229734299517 0.20039609599999997 4
60 8 0.5192846630434782 0.4831068866666667 0.016103058776167578 0.182742472 4
60 10 0.37976410225442836 0.44664639866666667 0.030738834138486326 0.12131341066666662 2
61 2 0.9059907866344605 0.661697844 0.15742261352657017 0.644604312 4
61 3 0.8444740144927536 0.6275117693333333 0.203456420289855 0.7129764613333334 4
61 4 0.21511215660225444 0.6218776373333333 0.042047243961352676 0.43148823999999997 4
61 5 0.5085991928341385 0.51924658 0.03140523268921103 0.26824366133333327 4
61 6 0.4470418711755233 0.466794012 0.022879375201288188 0.23060364533333322 4
61 7 0.47193835346215784 0.48210154666666666 0.023557806763285005 0.202471328 4
61 8 0.5210103091787439 0.483662104 0.017161750402576392 0.1841684426666667 4
61 10 0.37707608574879226 0.4465325866666667 0.03105214412238322 0.12198725333333338 2
62 3 0.8702282342995169 0.6247158613333333 0.21133070370370366 0.7185682773333333 4
62 4 0.20926898550724637 0.613987248 0.04294148953301127 0.4279255946666667 4
62 5 0.5119142109500805 0.520411564 0.03247450402576496 0.27200421599999997 4
62 6 0.44672279307568435 0.46712578399999993 0.0249597423510467 0.23302917333333334 4
62 7 0.472986902979066 0.48271054533333335 0.022275899355877538 0.20407204 4
62 8 0.5207707407407407 0.4850325933333333 0.018250133655394518 0.185894648 4
62 10 0.3737525531400966 0.4481961493333333 0.03168597584541061 0.12263466666666661 2
63 3 0.8862322709339775 0.6217025426666667 0.19693964492753624 0.7245949146666666 4
63 4 0.17407252979066024 0.6062258853333333 0.09018028019323673 0.4244193280000001 4
63 5 0.516260868357488 0.5216096053333333 0.0319065933977456 0.2758713973333333 4
63 6 0.4479828365539453 0.467464612 0.024139396135265723 0.23550621600000005 4
63 7 0.47400127415458937 0.483329224 0.02294299919484699 0.2056980693333333 4
63 8 0.521259194041868 0.48642914000000004 0.018611508856682835 0.18765374666666662 4
63 10 0.37039364170692435 0.4498779546666667 0.03227670692431561 0.12328470933333341 2
64 3 0.8985911095008052 0.6213588266666666 0.17222196779388088 0.7252823466666667 4
64 5 0.5204133003220612 0.5228421253333333 0.030864196457326964 0.2798498026666666 4
64 6 0.4493009331723028 0.46781072133333335 0.02308105152979062 0.23803642399999997 4
64 7 0.4749527459742351 0.4839578133333334 0.023349435587761702 0.20735002133333336 4
64 8 0.5217570801127214 0.4878524826666667 0.01897694283413842 0.18944669866666658 4
64 10 0.3676963148148148 0.45005928266666667 0.03252827053140095 0.12381317866666663 2
65 3 0.9117859935587762 0.6228863773333333 0.1458321996779388 0.7222272453333334 4
65 5 0.5243139371980676 0.524110636 0.032308579710145 0.28394430666666665 4
65 6 0.4503535036231884 0.46856989866666665 0.021607247181964606 0.24051531200000004 4
65 7 0.476693827294686 0.4845965533333333 0.02348565297906602 0.2090285146666666 4
65 8 0.5239640825281804 0.48930338400000006 0.0198775724637682 0.1912744853333333 4
65 10 0.36497613607085344 0.45024217999999994 0.032780123993558785 0.12434609866666663 2
66 3 0.9259046867954912 0.6243877373333333 0.11759481320450893 0.7192245253333334 4
66 5 0.5278630599838969 0.525416732 0.033279657809983876 0.2881600613333334 4
66 6 0.4514066457326892 0.46934503066666666 0.01986043961352657 0.2430462693333333 4
66 7 0.4783606203703703 0.48524568933333334 0.023349435587761647 0.2107341946666666 4
66 8 0.5227822391304348 0.4907826426666667 0.0197203091787439 0.19313813333333335 4
66 10 0.36223281360708537 0.45042666666666664 0.03303225201288246 0.12488352533333336 2
67 5 0.531721380032206 0.5288817226666667 0.03303051368760068 0.2923486773333334 4
67 6 0.45066799999999996 0.4700096146666667 0.02045191143317232 0.24551330933333326 4
67 7 0.4810711376811594 0.4860729186666667 0.025432847020933957 0.2125481093333333 4
67 8 0.5278977391304348 0.4913189373333333 0.020729130434782528 0.19475347999999998 4
67 10 0.35946605072463766 0.45061276533333333 0.03328463929146536 0.12542551999999996 2
68 5 0.535169595410628 0.532448956 0.03220611996779388 0.29666077066666663 4
68 6 0.4496210821256038 0.4706883146666667 0.02066559259259254 0.2480309493333333 4
68 7 0.4835912834138486 0.4869144506666666 0.027375201288244777 0.21439308266666662 4
68 8 0.5328116421095008 0.49186437600000005 0.021470746376811567 0.1963961013333334 4
68 10 0.35667554549114333 0.450800496 0.03353726811594204 0.12597213333333335 2
69 5 0.5408556312399355 0.5361230253333333 0.03249630273752013 0.3011018853333334 4
69 6 0.4505834388083736 0.4713815813333334 0.021532082125603813 0.25060076800000003 4
69 7 0.48539819323671496 0.48777065733333336 0.026520383252818025 0.21626992266666673 4
69 8 0.5344427270531401 0.49241919333333334 0.02121467310789038 0.19806669600000004 4
69 10 0.3542277745571658 0.451199504 0.033173706924315594 0.12689793066666666 2
70 5 0.5461726904186796 0.5399087973333333 0.03220611996779388 0.3056778933333333 4
70 6 0.4515118047504026 0.4720898813333333 0.02200751449275362 0.25322440800000007 4
70 7 0.48721386916264087 0.48864192 0.025496511272141642 0.218179456 4
70 8 0.5357892987117552 0.4929836333333334 0.020665592592592597 0.1997659813333333 4
70 10 0.35175197785829304 0.45160650133333335 0.03263353381642514 0.1278158986666667 2
71 5 0.5504830893719806 0.5438114439999999 0.03733985185185196 0.31039504266666657 4
71 6 0.45413370893719807 0.4727959706666667 0.023422577294685998 0.25593903999999995 4
71 7 0.4894536280193237 0.48952863733333335 0.02530874557165874 0.2201225493333333 4
71 8 0.5366700040257649 0.4935579466666667 0.019599946859903516 0.20149470400000002 4
71 10 0.3492482246376811 0.4520218386666667 0.03191717069243155 0.12872494666666667 2
72 5 0.5544950245571658 0.5455781786666667 0.04186795410628019 0.3161781493333334 4
72 6 0.45576487640901775 0.47591964133333337 0.024422973429951644 0.2586170373333333 4
72 7 0.4912046944444445 0.4902318253333333 0.024959741545893754 0.2225263013333334 4
72 8 0.5376289927536232 0.4947196933333333 0.018250133655394407 0.2032919786666667 4
72 10 0.3480923305152979 0.452969328 0.03273456119162643 0.1291764906666666 2
73 5 0.5593278796296297 0.547411368 0.03905255797101448 0.322178432 4
73 6 0.4554748739935588 0.47910937333333337 0.026108049114331677 0.26135112000000005 4
73 7 0.49326481763285024 0.49095053466666666 0.02444159822866343 0.2249831333333333 4
73 8 0.5398052520128824 0.4959022786666667 0.01969399677938799 0.2051215173333334 4
73 10 0.3469301775362319 0.453924376 0.03347797826086951 0.12962220266666674 2
74 5 0.5635309307568438 0.5493148213333333 0.034889961352656984 0.3284083519999999 4
74 6 0.4550877129629629 0.48236726799999996 0.027375200483091777 0.2641430639999999 4
74 7 0.495171597826087 0.49168528533333333 0.02361782045088573 0.22749482133333343 4
74 8 0.5417124987922706 0.497106268 0.020933976650563513 0.20698418933333335 4
74 10 0.34297779146537843 0.45408881199999995 0.03411827053140093 0.1304259599999999 2
75 5 0.5699605273752013 0.5512926546666667 0.04014787117552343 0.33488134133333336 4
75 6 0.4570112012882448 0.4798555386666667 0.02589787117552328 0.26672027200000004 4
75 7 0.49494780756843804 0.49243662 0.02349747665056362 0.23006321866666662 4
75 8 0.5443287004830918 0.4983322493333333 0.02252995652173917 0.20888090399999992 4
75 10 0.3389766988727858 0.4542555466666667 0.03472979227053136 0.13123664533333335 2
76 5 0.5759305458937198 0.5533493039999999 0.044283415458937214 0.34161190399999997 4
76 6 0.45875934943639296 0.47729430133333334 0.023886204508856645 0.26934767466666665 4
76 7 0.49786077938808376 0.497866864 0.023081051529790675 0.2307781066666666 4
76 8 0.5466479408212561 0.49958082933333336 0.023886205314009534 0.21081260799999996 4
76 10 0.3349259549114332 0.4544245906666667 0.0353113011272142 0.13205434400000005 2
77 5 0.577100078904992 0.554291192 0.03960283413848631 0.346843424 4
77 6 0.46027850362318845 0.4789299653333333 0.02406790901771333 0.27252932799999985 4
77 7 0.4995492661030596 0.4988197773333333 0.02376244202898553 0.23372855199999998 4
77 8 0.5496040503220612 0.50102194 0.02508111674718183 0.2127922426666667 4
77 10 0.3308245889694042 0.45459595866666663 0.03586155152979065 0.13287916533333333 2
78 5 0.5779282564412238 0.5552622946666667 0.03408480917874401 0.35223748000000005 4
78 6 0.4614636513687601 0.48060472666666665 0.023886204508856645 0.27578695200000003 4
78 7 0.5010632793880838 0.49979728933333334 0.024154589371980673 0.23675516533333335 4
78 8 0.55241532568438 0.502490396 0.02576489452495978 0.2148093733333334 4
78 10 0.32667159903381643 0.4547696573333333 0.03637929468599033 0.1337112133333333 2
79 5 0.5876847008856683 0.5562639933333333 0.038179076489533004 0.357801768 4
79 6 0.46253568156199676 0.4823200053333333 0.024205190821255995 0.279123312 4
79 7 0.5056961465378422 0.500800364 0.027397441223832586 0.23986094133333336 4
79 8 0.5545149400161031 0.5039869626666666 0.026704016908212558 0.21686507733333332 4
79 10 0.32409289210950076 0.4548828426666667 0.03656784702093402 0.13417110933333337 2
80 5 0.5969551831723028 0.5658366213333333 0.04159957085346211 0.3641765866666667 4
80 6 0.46346542391304346 0.4840772853333333 0.024154588566827728 0.2825412853333333 4
80 7 0.5102239376006441 0.5018300173333333 0.030327427536231966 0.24304902133333334 4
80 8 0.5554482330917874 0.505582424 0.02710681723027364 0.21909056533333332 4
80 10 0.321496884057971 0.454996808 0.03675812560386471 0.134634176 2
81 5 0.603184211352657 0.5757570213333334 0.045452147342995186 0.3707826719999999 4
81 6 0.46474394243156203 0.4858781280000001 0.025552496779388034 0.28604391466666673 4
81 7 0.511928370772947 0.50288732 0.03187254347826085 0.24632272000000005 4
81 8 0.5576357966988728 0.50720166 0.025496057165861452 0.22138010933333335 4
81 10 0.3188834005636071 0.4551115626666667 0.03695015378421901 0.13510045333333343 2
82 5 0.6092104911433172 0.5753912240000001 0.048309178743961345 0.3777134453333334 4
82 6 0.46543510990338166 0.4873042173333333 0.02657004750402575 0.28940163466666674 4
82 7 0.5136993599033817 0.5046014666666667 0.03301127375201285 0.24919284266666664 4
82 8 0.560290176731079 0.5078138626666666 0.02334943719806759 0.223517128 4
82 10 0.31625226409017715 0.455227116 0.03714395330112724 0.13556997066666665 2
83 5 0.615584690821256 0.5750114146666667 0.04637392753623182 0.38490823199999996 4
83 6 0.4662752842190016 0.4887641466666667 0.0290721062801933 0.2928388 4
83 7 0.5155781948470209 0.506355688 0.03145080676328499 0.25212984 4
83 8 0.5620315430756844 0.5084379453333334 0.026216851046698908 0.22569553333333336 4
83 10 0.3127680865539453 0.45538215866666665 0.03740525040257647 0.13620638133333335 2
84 5 0.6212237330917874 0.58120254 0.04320987520128827 0.3919967973333334 4
84 6 0.4666843679549114 0.4902591346666667 0.031132581320450936 0.29635826400000004 4
84 7 0.517395842995169 0.5081514026666667 0.029522275362318884 0.25513608000000004 4
84 8 0.5635866541867955 0.5090742533333333 0.02871712318840569 0.22791654399999994 4
84 10 0.308660903784219 0.45794508933333333 0.0377088349436393 0.13714720800000002 2
85 5 0.6283608425925926 0.5876261226666667 0.048718329307568475 0.39935132266666673 4
85 6 0.46814389855072464 0.4917904533333334 0.03206485185185182 0.29996301866666664 4
85 7 0.5213015503220612 0.5099901013333333 0.03157135990338156 0.2582140373333333 4
85 8 0.5669960873590982 0.5097231493333333 0.02719882206119162 0.2301814239999999 4
85 10 0.3044991139291465 0.4605437133333333 0.03801879629629629 0.13810065333333332 2
86 5 0.6347911481481482 0.5942955066666666 0.05314009500805161 0.4069870666666666 4
86 6 0.47227817995169086 0.4931475586666667 0.032474503220611906 0.3031639120000001 4
86 7 0.525198769726248 0.5118733440000001 0.03327965539452493 0.26136630933333327 4
86 8 0.5700410966183576 0.5103850120000001 0.02522812721417067 0.2324914746666667 4
86 10 0.3002816195652174 0.46317875599999997 0.03833536312399355 0.13906698399999995 2
87 5 0.6423050925925926 0.599505068 0.047337550724637634 0.41596324 4
87 6 0.4757449231078905 0.49524866666666667 0.03175555152979065 0.3076519786666667 4
87 7 0.5252275668276972 0.5137628506666666 0.03445342834138487 0.26476784533333325 4
87 8 0.5730248276972625 0.5118083680000001 0.02860602415458935 0.23504085866666669 4
87 10 0.2960072950885668 0.4658509626666667 0.038658767310789044 0.14004645333333327 2
88 5 0.6491605346215781 0.6049496493333333 0.03998926409017722 0.4253442746666667 4
88 6 0.47904693679549115 0.49741288399999994 0.03059581400966188 0.312274664 4
88 7 0.5248857673107891 0.5157021853333333 0.035158346215780956 0.268259192 4
88 8 0.5757698747987117 0.5132632826666667 0.031669350241545824 0.2376467413333334 4
88 10 0.291674981078905 0.46856109599999995 0.03898925362318839 0.1410393333333333 2
89 5 0.6572080732689211 0.6106455173333333 0.04824903542673109 0.43515820266666666 4
89 6 0.4819354520933977 0.4996430946666667 0.03161780434782607 0.3170381093333334 4
89 7 0.5266756747181964 0.5176933426666667 0.03366806763285024 0.27184395466666667 4
89 8 0.5784159665861514 0.514750816 0.029994036231884014 0.24031102399999998 4
89 10 0.287306481078905 0.46602130666666663 0.039330786634460546 0.14206452266666658 2
90 5 0.664557518115942 0.616610484 0.05528716988727855 0.445435688 4
90 6 0.48428192230273753 0.5019532226666666 0.03220611835748788 0.32197802933333336 4
90 7 0.52831427294686 0.5197384333333334 0.03166935104669888 0.2755259333333333 4
90 8 0.5809285044283414 0.516272076 0.027911970209339776 0.24303568800000003 4
90 10 0.28287688848631243 0.46344435866666667 0.039680037842189986 0.14310422133333328 2
91 5 0.6707436433172302 0.6228640746666666 0.056041932367149716 0.4562103733333333 4
91 6 0.4874264371980676 0.5043139253333333 0.031105001610305938 0.32701382933333334 4
91 7 0.5287928707729469 0.521839672 0.033246508051529844 0.279309136 4
91 8 0.5832921175523349 0.5178282240000001 0.028767674718196523 0.24582281066666672 4
91 10 0.27838491183574876 0.46082946133333336 0.0400372842190016 0.14415873600000007 2
92 5 0.6765690619967795 0.627524316 0.05501878743961364 0.46741032266666666 4
92 6 0.4897924774557166 0.5069635093333333 0.029522276972624772 0.3309203093333333 4
92 7 0.5295367334943639 0.5241950093333333 0.03435319323671493 0.283343112 4
92 8 0.5861125615942029 0.519649376 0.029253891304347857 0.24850174400000002 4
92 10 0.2738292226247987 0.4581757986666667 0.040402814009661836 0.14522838666666665 2
93 5 0.6915791976650564 0.6324190706666666 0.05515318438003214 0.47917402399999987 4
93 6 0.4898315193236715 0.5096771186666667 0.032224135265700504 0.33492084 4
93 7 0.5323942246376812 0.5266195426666667 0.03614149919484699 0.287495992 4
93 8 0.5905273973429952 0.521510648 0.030516880032206206 0.25123962666666666 4
94 5 0.7061574677938809 0.637566504 0.05340848309178747 0.4915451413333334 4
94 6 0.4894483425925926 0.5124570933333333 0.034621578904991956 0.3390188533333333 4
94 7 0.5349280942028987 0.529116368 0.03730542190016106 0.29177311466666667 4
94 8 0.5947107886473431 0.5234133813333334 0.03140096698872785 0.25403842666666665 4
95 5 0.7197403590982286 0.6429866946666667 0.06725572302737515 0.5045719706666667 4
95 6 0.4908435487117553 0.515305892 0.03641757407407403 0.3432179653333334 4
95 7 0.5366000966183575 0.5317225480000001 0.037647776167471836 0.29623429600000006 4
95 8 0.5975259581320451 0.525358972 0.030537621578099805 0.2569002000000001 4
96 5 0.7260117342995169 0.6563209986666667 0.0791733768115942 0.5100164826666667 4
96 6 0.49198775483091794 0.518226092 0.03784219082125606 0.3475219600000001 4
96 7 0.5388078768115943 0.5343402079999999 0.03730542190016095 0.30072306133333326 4
96 8 0.6002638325281804 0.527348888 0.0292538921095008 0.25982709333333337 4
97 5 0.7390241239935588 0.6595447640000001 0.07064633816425125 0.5245337733333333 4
97 6 0.4969086264090177 0.5206670106666668 0.03568347504025765 0.3528223946666667 4
97 7 0.5415140213365539 0.5379563226666667 0.0392105821256038 0.3054146933333333 4
97 8 0.6060373325281803 0.53027508 0.03182855555555564 0.26299554133333336 4
98 5 0.7508607375201288 0.6629571719999999 0.05904455072463766 0.5399017306666667 4
98 6 0.5014439726247987 0.5231834386666667 0.03301127053140096 0.35828648266666663 4
98 7 0.5439109371980677 0.5416862173333333 0.040526035426731055 0.3102538053333333 4
98 8 0.6113410696457326 0.533273384 0.03381642431561993 0.2662415413333333 4
99 5 0.7679116650563607 0.66657528 0.07569975201288248 0.5561973760000001 4
99 6 0.5057786465378422 0.5257789253333334 0.031904305958131984 0.3639219200000001 4
99 7 0.5459826159420289 0.545535344 0.03924908534621585 0.31524746133333337 4
99 8 0.6147383490338165 0.5363464773333333 0.03496069484702102 0.26956797333333327 4
100 5 0.7824702717391303 0.6807511813333333 0.08990874798711757 0.5719704373333332 4
100 6 0.5099968123993559 0.5284572493333334 0.030327429951690743 0.36973689866666676 4
100 7 0.54772797705314 0.549509508 0.03730542109500801 0.32040318666666673 4
100 8 0.6155092842190016 0.5366015093333333 0.03542673107890493 0.2734399626666666 4
101 5 0.7971793949275363 0.6927116546666666 0.08595190257648966 0.5825766906666667 4
101 6 0.5121812081320452 0.5312224346666667 0.033774844605474974 0.37574013333333334 4
101 7 0.5501435072463768 0.5536149026666667 0.037759399355877576 0.325729 4
101 8 0.6191105338164251 0.536863764 0.036712826086956585 0.27742406666666664 4
102 5 0.8104497906602254 0.6897704986666666 0.07836822383252806 0.5884590026666666 4
102 6 0.5136945821256038 0.5348225706666667 0.03676865378421901 0.38053437333333334 4
102 7 0.552214155394525 0.5560190853333333 0.037573806763285034 0.3303089226666668 4
102 8 0.6244679553140097 0.5387160573333334 0.037305421095007896 0.28066309599999995 4
103 5 0.8305893365539452 0.6866431746666667 0.08115268921095009 0.5947136506666666 4
103 6 0.5138695495169082 0.5385157893333333 0.04252620370370369 0.38545244800000006 4
103 7 0.5568033977455716 0.5584915413333333 0.038932162640901824 0.3350188426666667 4
103 8 0.6284769891304347 0.540611976 0.03688493800322068 0.28397810133333334 4
104 5 0.848947369967794 0.6833114306666667 0.08051529871175522 0.6013771386666666 4
104 6 0.5138090487117553 0.5423052573333333 0.04777240821256035 0.3905001946666667 4
104 7 0.5611046026570048 0.5610352253333333 0.039720880032206196 0.33986437599999997 4
104 8 0.6324693389694042 0.5425530693333334 0.03596349919484698 0.2873717973333333 4
105 5 0.8692059198872786 0.679754548 0.08695633091787436 0.6084909039999999 4
105 6 0.5156177101449275 0.5461779026666667 0.047043012882447666 0.39571656800000005 4
105 7 0.5654735398550724 0.5636532533333334 0.042180633655394484 0.3448514666666667 4
105 8 0.6380794633655394 0.544540968 0.037825656199677926 0.290847008 4
106 5 0.877061791062802 0.676424272 0.08964036795491148 0.615151456 4
106 6 0.5172601054750403 0.550154688 0.045625336553945295 0.40107315733333343 4
106 7 0.5695339645732689 0.5663489333333334 0.04401503059581324 0.34998641066666675 4
106 8 0.6435991272141708 0.5465773786666667 0.039184112721417086 0.29440672 4
107 5 0.9007331356682768 0.6765129293333333 0.08059348067632854 0.6149741413333334 4
107 6 0.5196023723832528 0.5537054173333333 0.04614916344605474 0.4091938693333333 4
107 7 0.5722854537037037 0.5707228453333333 0.04323801046698872 0.3570118506666666 4
107 8 0.6485267661030596 0.549042656 0.03878939533011272 0.29857976 4
108 5 0.9199790748792271 0.6766083986666667 0.06709607890499203 0.6147832026666666 4
108 6 0.5213510209339774 0.5574032626666666 0.045625334943639295 0.41765039733333337 4
108 7 0.5742474243156199 0.5752758786666667 0.04133118679549119 0.3643270266666668 4
108 8 0.6530809376006441 0.551578616 0.03757380595813209 0.30287203200000007 4
109 5 0.9304695909822867 0.6767114653333334 0.10846500483091792 0.6145770693333332 4
109 6 0.5259813413848631 0.5612575586666667 0.04160952979066024 0.42646401866666667 4
109 7 0.5773791513687601 0.580019252 0.04496099677938803 0.371950232 4
109 8 0.6574238268921094 0.5541883333333333 0.037299919484702126 0.30728871466666663 4
110 5 0.9413828981481482 0.6787090253333333 0.08663839049919486 0.6105819493333333 4
110 6 0.5302762616747182 0.5652784519999999 0.036500268921094925 0.43565783733333324 4
110 7 0.5800816702898551 0.5849651373333333 0.047504026570048374 0.37990133600000003 4
110 8 0.6613317338969404 0.5568750613333333 0.03623188325281801 0.3118353013333333 4
111 5 0.9530598643317231 0.6809892226666667 0.06328445813204508 0.6060215546666666 4
111 6 0.5340521996779388 0.56947698 0.04205696135265691 0.4452569946666667 4
111 7 0.5829712395330112 0.5901267666666666 0.04438779951690819 0.3882019546666666 4
111 8 0.6670756952495974 0.559642248 0.041449570853462125 0.31651760533333334 4
112 6 0.5371930664251208 0.5753896346666667 0.04669887198067635 0.45427123733333336 4
112 7 0.5857053317230274 0.59435792 0.03998926409017711 0.3957655306666667 4
112 8 0.6733748695652173 0.5627015453333334 0.045893721417069266 0.3209356026666668 4
113 6 0.5389098128019324 0.5815399306666666 0.050077730273752064 0.4636691573333333 4
113 7 0.5921230398550725 0.598755508 0.04549052415458943 0.4036253840000001 4
113 8 0.6775954287439614 0.565847456 0.04447302495974237 0.32547859733333334 4
114 6 0.539724234299517 0.58794948 0.05206655877616739 0.4734616160000001 4
114 7 0.5982760209339775 0.60332954 0.05018786795491148 0.41179926666666666 4
114 8 0.6813840829307569 0.569083708 0.04213633977455722 0.33015196000000013 4
115 6 0.5417223413848631 0.5946349586666667 0.05365962157809978 0.4836739706666667 4
115 7 0.6045465917874396 0.608090832 0.05380887922705324 0.42030638933333336 4
115 8 0.6888405893719807 0.5724142493333333 0.04632506119162638 0.3349613946666667 4
116 6 0.5430753156199678 0.6016145146666666 0.053676866344605445 0.4943338079999999 4
116 7 0.6102829074074074 0.6130511160000001 0.05636070692431561 0.42916756000000006 4
116 8 0.6960170422705314 0.5758432586666666 0.04965110225442837 0.3399129226666666 4
117 6 0.5491971400966184 0.6050936186666667 0.051777078904991836 0.5057381546666667 4
117 7 0.613119710547504 0.6185204426666666 0.056755155394524914 0.43873507199999995 4
117 8 0.7028760249597423 0.5788528493333334 0.049114745571658514 0.3452962960000001 4
118 6 0.5548337705314009 0.608736656 0.04857756199677943 0.517680224 4
118 7 0.6152676119162641 0.6242384173333333 0.05582394041867955 0.44873781066666674 4
118 8 0.7092003860708533 0.5819592746666666 0.047504024959742375 0.35085281600000007 4
119 6 0.5626871284219002 0.6125554933333334 0.044910430756843756 0.5301989653333332 4
119 7 0.6199849444444445 0.6302223893333333 0.05503930273752011 0.4592061653333334 4
119 8 0.7157401843800322 0.5851672866666666 0.046154584541062804 0.3565909733333334 4
120 6 0.5700284726247986 0.6165631666666667 0.03998926247987111 0.5433371813333332 4
120 7 0.622573943236715 0.63552772 0.052871710950080475 0.46794448 4
120 8 0.7220471855877617 0.588481944 0.043746646537842104 0.3625198186666667 4
121 6 0.5761689025764896 0.6207740399999999 0.04778749114331726 0.557142032 4
121 7 0.6270447298711755 0.6430661773333334 0.05184764170692424 0.48167612 4
121 8 0.7334715426731079 0.5919086573333334 0.05001943317230273 0.36864902666666677 4
122 6 0.5801421099033817 0.6262668306666667 0.054482020128824415 0.571652056 4
122 7 0.6309628409822866 0.6521849893333334 0.04911433252818043 0.49416673066666666 4
122 8 0.7445927455716587 0.5971300146666667 0.0552871723027375 0.374210904 4
123 6 0.5826750100644122 0.6320526693333333 0.05964602818035414 0.5869361439999999 4
123 7 0.6367271292270531 0.66178532 0.05610713607085349 0.5073286773333334 4
123 8 0.7503442314814814 0.6025113586666667 0.05250978341384871 0.37994292533333335 4
124 6 0.5843123425925926 0.638155636 0.06333869967793881 0.6030579493333332 4
124 7 0.6415786690821256 0.6719062800000001 0.061460011272141735 0.52121752 4
124 8 0.7569003119967794 0.6065120626666666 0.04857756441223826 0.38717729333333323 4
125 6 0.5882340628019324 0.6446025306666666 0.0694926457326892 0.6200882826666667 4
125 7 0.6513274987922706 0.6724604853333334 0.06507194605475031 0.5357109600000001 4
125 8 0.7696930454911433 0.61066446 0.05338741465378427 0.3946992880000001 4
126 6 0.5912735921900161 0.6514232493333334 0.07380569001610315 0.6381061840000001 4
126 7 0.6599968329307568 0.673056232 0.06655931481481481 0.5510208906666668 4
126 8 0.781913658615137 0.6149729173333333 0.05689747826086944 0.40253523733333324 4
127 6 0.5998327765700484 0.657487016 0.0737089541062802 0.6530259679999999 4
127 7 0.6632259102254427 0.6736981160000001 0.06708386876006445 0.5672183973333333 4
127 8 0.7932641598228664 0.620284612 0.0611583937198068 0.42097332533333326 4
128 6 0.607224807568438 0.6567465186666667 0.07112184380032205 0.6545069626666666 4
128 7 0.665067849436393 0.684633324 0.06521739291465378 0.584750632 4
128 8 0.8031636340579711 0.6250993466666667 0.06226516183574882 0.42904133866666666 4
129 6 0.6173355825281803 0.655959596 0.06675119082125602 0.656080808 4
129 7 0.6761393590982288 0.6892786360000001 0.06671416264090169 0.589442728 4
129 8 0.812234900563607 0.630073544 0.061431387278582994 0.437346704 4
130 6 0.6259079863123993 0.6551217373333333 0.059849702093397794 0.6577565253333333 4
130 7 0.6861485052334944 0.6904993426666667 0.06575415861513689 0.5870013146666666 4
130 8 0.8211123776167473 0.6352140533333334 0.05931293558776163 0.44589859200000004 4
131 6 0.6339318756038648 0.6542278293333333 0.06637045330112723 0.6595443413333333 4
131 7 0.6990247322866345 0.691797872 0.07534024074074075 0.584404256 4
131 8 0.8351093490338164 0.6405281626666667 0.06665043558776174 0.454706864 4
132 6 0.6399337149758454 0.6500090439999999 0.070585078904992 0.667981912 4
132 7 0.7122778566827698 0.6910050453333333 0.0823939903381643 0.5859899093333334 4
132 8 0.8413746107085347 0.647610908 0.07326892028985521 0.46001947466666665 4
133 6 0.6495067648953301 0.6455045933333333 0.07501809178743957 0.6769908133333333 4
133 7 0.7247451666666667 0.6901637693333333 0.09063912721417067 0.5876724613333333 4
133 8 0.8543462439613527 0.6414173453333334 0.07256056843800318 0.47092240799999996 4
134 6 0.6567765020128824 0.6406844506666667 0.07648953381642509 0.6866310986666666 4
134 7 0.7357846485507246 0.68926946 0.09581320209339772 0.58946108 4
134 8 0.8651158518518518 0.652136044 0.06977992270531386 0.48137158666666674 4
135 6 0.6631242922705314 0.6355142266666667 0.08572701771336555 0.6969715466666666 4
135 7 0.7536303349436393 0.6883169413333333 0.09881220772946864 0.5913661173333333 4
135 8 0.8812751807568437 0.6633417306666667 0.07663036312399352 0.49229499733333343 4
136 6 0.6667160454911434 0.629954348 0.09151905394524962 0.708091304 4
136 7 0.767298942431562 0.6874489586666667 0.09796027777777772 0.5931020826666666 4
136 8 0.8969256062801934 0.6750683653333334 0.08158883735909817 0.5037256746666665 4
137 6 0.6805249271336554 0.6293642306666667 0.10065561111111121 0.7092715386666666 4
137 7 0.7769666662640902 0.6873392413333334 0.09748218921095009 0.5933215173333333 4
137 8 0.9097034456521739 0.6789004173333333 0.07681441626409025 0.5153991066666667 4
138 6 0.6916867238325282 0.628730648 0.10574342351046706 0.710538704 4
138 7 0.7841039041867954 0.6872212813333334 0.09259258937198067 0.5935574373333332 4
138 8 0.9215196912238326 0.6829141746666666 0.06977992351046702 0.5276264239999999 4
139 6 0.714501515700483 0.6280485986666666 0.13964427294686 0.7119028026666667 4
139 7 0.8178099617552335 0.6870940906666667 0.12748668679549113 0.5938118186666665 4
139 8 0.9323609460547504 0.6871228773333333 0.07269193397745577 0.540448 4
140 6 0.7265930044283414 0.6273122813333334 0.14652165136875994 0.7133754373333333 4
140 7 0.8369535036231883 0.6869565146666666 0.13418539210950076 0.5940869706666667 4
140 8 0.9410597117552335 0.6889338693333333 0.0611221175523351 0.5469830026666667 4
141 6 0.7395942773752013 0.626514928 0.1540237141706925 0.714970144 4
141 7 0.8576783152173914 0.6868071986666666 0.14163496376811602 0.5943856026666666 4
141 8 0.9552298035426732 0.6895670146666667 0.058944579710144995 0.5500449199999999 4
142 6 0.753995175120773 0.6272922666666667 0.16186678663446052 0.7134154666666667 4
142 7 0.8764266344605476 0.6882423786666667 0.14856354750402578 0.5915152426666667 4
143 6 0.7698545720611916 0.6281660413333333 0.17074181561996782 0.7116679173333333 4
143 7 0.8966246219806764 0.6897921333333333 0.15613439049919486 0.5884157333333333 4
144 6 0.7874100249597424 0.6284872213333333 0.1808788631239936 0.7110255573333333 4
144 7 0.9104651433172303 0.691567728 0.14847390016103068 0.584864544 4
